#Ne_opt: 20625.0, f_opt: 7744671890.592973, n_iters: 10, n_calls: 20, flag: 1
call	runtime	Ne	ll
0	321.678	30000.0	-7820056735.8148
1	611.027	31500.0	-7842599943.328958
2	901.747	28500.0	-7799839779.52615
3	1239.731	27000.0	-7782231208.462348
4	1583.942	24000.0	-7756093944.566563
5	1946.737	21000.0	-7744825471.43987
6	2300.356	15000.0	-7788237871.197744
7	2653.927	18000.0	-7753113292.031941
8	2964.252	19500.0	-7746148785.065687
9	3295.316	22500.0	-7748351685.063877
10	3606.978	20250.0	-7744832630.001072
11	3857.654	21750.0	-7746024554.143933
12	4119.038	20625.0	-7744671890.592973
13	4369.8	20812.5	-7744708752.748543
14	4675.9	20437.5	-7744712863.542463
15	5046.813	20718.75	-7744681966.810173
16	5342.819	20531.25	-7744682299.456126
17	5662.679	20671.875	-7744675010.436199
