#Ne_opt: 22476.5625, f_opt: 3147032733.6054173, n_iters: 10, n_calls: 20, flag: 1
call	runtime	Ne	ll
0	115.34	30000.0	-3164910386.6459465
1	195.405	31500.0	-3171884714.967927
2	281.3	28500.0	-3158905706.0988917
3	371.037	27000.0	-3153978150.926282
4	457.364	24000.0	-3147879195.4325943
5	548.574	21000.0	-3147928848.9787965
6	638.344	22500.0	-3147032745.6581926
7	725.463	23250.0	-3147252595.792485
8	814.76	21750.0	-3147247873.1077228
9	910.179	22125.0	-3147084106.926572
10	1002.942	22875.0	-3147090086.4923873
11	1092.374	22312.5	-3147044605.449086
12	1184.22	22687.5	-3147048054.642666
13	1272.965	22406.25	-3147035253.208563
14	1362.716	22593.75	-3147037031.003726
15	1456.863	22453.125	-3147033146.9069595
16	1551.644	22546.875	-3147034043.1497936
17	1647.619	22476.5625	-3147032733.6054173
