#Ne_opt: 21234.375, f_opt: 26009055864.02787, n_iters: 10, n_calls: 20, flag: 1
call	runtime	Ne	ll
0	1601.493	30000.0	-26229450088.359924
1	3050.898	31500.0	-26300803509.55178
2	4565.03	28500.0	-26166129108.518753
3	6059.582	27000.0	-26111879891.19619
4	7590.126	24000.0	-26034838140.97814
5	9164.187	21000.0	-26009243727.68838
6	10747.609	15000.0	-26185573314.963737
7	12294.794	18000.0	-26051176885.246307
8	13813.273	22500.0	-26014750399.562256
9	15331.069	19500.0	-26020483951.717686
10	16838.608	21750.0	-26010048659.685303
11	18300.031	20250.0	-26012599740.039314
12	19799.248	21375.0	-26009143383.456562
13	21330.241	21187.5	-26009058816.181175
14	22850.485	21281.25	-26009070799.351562
15	24326.323	21093.75	-26009115213.794884
16	25840.458	21234.375	-26009055864.02787
