#Ne_opt: 21937.5, f_opt: 22576180631.724396, n_iters: 10, n_calls: 20, flag: 1
call	runtime	Ne	ll
0	952.282	30000.0	-22731622040.18731
1	1892.133	31500.0	-22787278664.511086
2	2794.247	28500.0	-22683005108.865974
3	3691.383	27000.0	-22642260158.394615
4	4616.159	24000.0	-22588145586.07514
5	5566.057	21000.0	-22578808109.860775
6	6542.294	15000.0	-22758138973.551155
7	7486.337	18000.0	-22628230035.437923
8	8394.627	22500.0	-22577134499.76879
9	9314.286	21750.0	-22576274522.267998
10	10265.705	22125.0	-22576294882.20423
11	11206.572	21375.0	-22577103965.725883
12	12149.061	21937.5	-22576180631.724396
13	13086.821	21843.75	-22576201612.973568
14	14011.607	22031.25	-22576213019.892303
15	14934.918	21890.625	-22576189051.03461
