#Ne_opt: 21562.5, f_opt: 19669530123.047768, n_iters: 10, n_calls: 20, flag: 1
call	runtime	Ne	ll
0	881.38	30000.0	-19822602203.1613
1	1666.098	31500.0	-19874467205.734673
2	2437.359	28500.0	-19776918529.051403
3	3186.534	27000.0	-19738143704.50538
4	3947.52	24000.0	-19684608688.362846
5	4722.061	21000.0	-19670350074.460945
6	5566.613	15000.0	-19815433907.759624
7	6383.686	18000.0	-19707614240.622017
8	7171.117	22500.0	-19671917070.022114
9	8007.619	19500.0	-19681557489.36948
10	8805.966	21750.0	-19669646038.013855
11	9580.217	21375.0	-19669614270.506607
12	10334.394	21562.5	-19669530123.047768
13	11088.131	21468.75	-19669546023.083294
14	11843.151	21656.25	-19669566700.31159
15	12586.612	21515.625	-19669534908.37037
