#Ne_opt: 21843.75, f_opt: 14256811644.082607, n_iters: 9, n_calls: 20, flag: 1
call	runtime	Ne	ll
0	503.073	30000.0	-14357154401.835695
1	1091.042	31500.0	-14392780931.361603
2	1607.716	28500.0	-14325964898.069668
3	2072.88	27000.0	-14299790135.819832
4	2540.339	24000.0	-14264823769.724562
5	3027.672	21000.0	-14258307460.10643
6	3494.139	15000.0	-14370993692.775824
7	3963.209	18000.0	-14289098147.012726
8	4423.238	22500.0	-14257535785.836014
9	4883.03	21750.0	-14256843499.753935
10	5341.787	22125.0	-14256928009.674433
11	5791.896	21375.0	-14257300761.682793
12	6242.116	21937.5	-14256816600.247746
13	6693.594	21843.75	-14256811644.082607
14	7149.484	21890.625	-14256820972.94971
