#Ne_opt: 20718.75, f_opt: 15959796303.88063, n_iters: 10, n_calls: 20, flag: 1
call	runtime	Ne	ll
0	715.462	30000.0	-16115090302.404615
1	1300.548	31500.0	-16162024455.332415
2	1839.787	28500.0	-16073085976.475708
3	2379.969	27000.0	-16036570616.245499
4	2930.85	24000.0	-15982651003.02425
5	3492.184	21000.0	-15960000783.264282
6	4076.189	15000.0	-16053101404.248962
7	4654.144	18000.0	-15978412712.759579
8	5225.046	19500.0	-15963288508.268845
9	5786.394	22500.0	-15966897260.266266
10	6349.928	20250.0	-15960274819.830626
11	6916.426	21750.0	-15962265123.552973
12	7481.249	20625.0	-15959808454.736631
13	8043.67	20812.5	-15959822803.835596
14	8605.438	20437.5	-15959958299.500717
15	9167.904	20718.75	-15959796303.88063
16	9727.724	20671.875	-15959797494.55672
