#Ne_opt: 21093.75, f_opt: 23709868920.194397, n_iters: 10, n_calls: 20, flag: 1
call	runtime	Ne	ll
0	1150.861	30000.0	-23919163609.925514
1	2137.442	31500.0	-23985891630.78629
2	3139.546	28500.0	-23859846945.31434
3	4133.719	27000.0	-23808854462.390865
4	5155.328	24000.0	-23735760288.97038
5	6185.943	21000.0	-23709910047.657196
6	7237.001	15000.0	-23867041221.45154
7	8268.71	18000.0	-23746048387.162674
8	9290.877	22500.0	-23716143314.981358
9	10324.839	19500.0	-23719049976.50826
10	11350.76	21750.0	-23711238675.5247
11	12364.069	20250.0	-23712407100.84419
12	13378.581	21375.0	-23710111885.26718
13	14398.37	20625.0	-23710661787.063225
14	15442.314	21187.5	-23709891161.277542
15	16464.813	21093.75	-23709868920.194397
16	17493.34	21140.625	-23709874763.848213
