#Ne_opt: 23882.8125, f_opt: 3881985544.8266077, n_iters: 10, n_calls: 20, flag: 1
call	runtime	Ne	ll
0	97.568	30000.0	-3896175754.476069
1	167.012	31500.0	-3903260379.731979
2	240.865	28500.0	-3890356395.3435955
3	315.25	27000.0	-3885940269.1939116
4	388.026	24000.0	-3881991014.619899
5	464.225	21000.0	-3886020508.9911366
6	538.874	25500.0	-3883088390.6596317
7	615.848	22500.0	-3882876472.8649364
8	689.801	23250.0	-3882169925.344657
9	762.912	24750.0	-3882307128.738447
10	836.271	23625.0	-3882016624.6045523
11	910.512	24375.0	-3882089125.3589973
12	984.226	23812.5	-3881988109.454501
13	1057.797	23906.25	-3881985666.7300186
14	1135.663	23859.375	-3881985910.655696
15	1207.015	23953.125	-3881987370.8772545
16	1287.827	23882.8125	-3881985544.8266077
