#Ne_opt: 23835.9375, f_opt: 4772447299.489178, n_iters: 10, n_calls: 20, flag: 1
call	runtime	Ne	ll
0	224.887	30000.0	-4789012504.551992
1	402.052	31500.0	-4797186452.891998
2	588.03	28500.0	-4782278493.473395
3	795.214	27000.0	-4777144671.618181
4	963.155	24000.0	-4772460753.825565
5	1149.5	21000.0	-4776932819.1153965
6	1366.317	22500.0	-4773398541.497235
7	1575.624	25500.0	-4773797790.751987
8	1789.689	23250.0	-4772626753.777597
9	1998.953	24750.0	-4772862587.960184
10	2207.567	23625.0	-4772470512.653049
11	2362.9	24375.0	-4772592901.290224
12	2535.484	23812.5	-4772447616.234834
13	2724.895	23906.25	-4772449714.59724
14	2932.914	23718.75	-4772454526.503271
15	3129.013	23859.375	-4772447544.501347
16	3333.025	23835.9375	-4772447299.489178
