#Ne_opt: 20437.5, f_opt: 30796865059.307808, n_iters: 10, n_calls: 20, flag: 1
call	runtime	Ne	ll
0	3678.36	30000.0	-31122624353.946136
1	7136.683	31500.0	-31217570670.247284
2	10294.615	28500.0	-31037003031.97084
3	13478.266	27000.0	-30962212028.07694
4	16618.707	24000.0	-30849857648.577126
5	19800.347	21000.0	-30798323820.882015
6	23886.751	15000.0	-30964454737.14894
7	28703.46	18000.0	-30826712969.680706
8	33568.421	19500.0	-30801017559.97554
9	36237.33	22500.0	-30815450180.297028
10	38466.955	20250.0	-30796995622.25646
11	40768.72	20625.0	-30797022594.052063
12	42878.251	19875.0	-30798325885.80201
13	44946.347	20437.5	-30796865059.307808
14	47026.079	20343.75	-30796903978.90606
15	49087.68	20531.25	-30796896274.433434
16	50979.778	20484.375	-30796867542.64299
