#Ne_opt: 24257.8125, f_opt: 9585596987.242971, n_iters: 10, n_calls: 20, flag: 1
call	runtime	Ne	ll
0	338.919	30000.0	-9615349677.639685
1	630.089	31500.0	-9631359040.724478
2	928.584	28500.0	-9602411961.706438
3	1222.568	27000.0	-9592879362.4566
4	1537.081	24000.0	-9585669844.418102
5	1858.056	21000.0	-9597856318.445604
6	2152.54	25500.0	-9587143445.824928
7	2456.711	22500.0	-9589017644.369823
8	2739.02	24750.0	-9585842280.190308
9	3030.437	23250.0	-9586701934.63984
10	3326.264	24375.0	-9585610113.983255
11	3628.42	24187.5	-9585603792.401329
12	3923.806	24281.25	-9585598173.91461
13	4214.206	24234.375	-9585598012.321247
14	4510.206	24257.8125	-9585596987.242971
