#Ne_opt: 21796.875, f_opt: 26694755351.17146, n_iters: 10, n_calls: 20, flag: 1
call	runtime	Ne	ll
0	2200.103	30000.0	-26891211974.13903
1	4251.152	31500.0	-26959925620.96523
2	6224.438	28500.0	-26830938108.417583
3	8027.71	27000.0	-26780172452.01312
4	9904.984	24000.0	-26711612410.448677
5	11737.953	21000.0	-26696944047.75202
6	13548.564	15000.0	-26905656654.2764
7	15378.762	18000.0	-26752949611.56994
8	17168.893	22500.0	-26696646148.684082
9	18956.022	21750.0	-26694756026.878006
10	21460.136	22125.0	-26695208266.817287
11	24121.882	21375.0	-26695325004.810844
12	26582.09	21937.5	-26694854473.058403
13	28781.095	21562.5	-26694906642.379433
14	31633.467	21843.75	-26694771990.263786
15	33781.931	21656.25	-26694799254.283783
16	35360.73	21796.875	-26694755351.17146
