#Ne_opt: 21234.375, f_opt: 6964883342.099213, n_iters: 10, n_calls: 20, flag: 1
call	runtime	Ne	ll
0	262.253	30000.0	-7023701251.757654
1	499.012	31500.0	-7042806431.90507
2	725.174	28500.0	-7006778141.071481
3	936.853	27000.0	-6992276371.932272
4	1161.811	24000.0	-6971707757.241379
5	1376.894	21000.0	-6964939934.572681
6	1622.418	15000.0	-7012480665.594505
7	1858.185	18000.0	-6976293145.226025
8	2083.917	22500.0	-6966369500.796661
9	2343.505	19500.0	-6968005423.74687
10	2560.195	21750.0	-6965132348.244503
11	2784.35	20250.0	-6965869170.7790165
12	3041.8	21375.0	-6964900917.677625
13	3295.003	21187.5	-6964886020.96148
14	3536.805	21281.25	-6964884944.384861
15	3775.335	21234.375	-6964883342.099213
