#Ne_opt: 22125.0, f_opt: 17095115868.61167, n_iters: 10, n_calls: 20, flag: 1
call	runtime	Ne	ll
0	812.771	30000.0	-17206543087.510056
1	1590.776	31500.0	-17247676392.187424
2	2341.121	28500.0	-17170799635.416325
3	3041.398	27000.0	-17141060817.36523
4	3836.604	24000.0	-17102469045.854574
5	4536.967	21000.0	-17098043628.059093
6	5236.93	15000.0	-17240276177.942257
7	5930.471	18000.0	-17138453589.477985
8	6597.236	22500.0	-17095418296.582891
9	7258.749	21750.0	-17095437739.193882
10	7906.811	23250.0	-17097813530.641916
11	8557.716	22125.0	-17095115868.61167
12	9162.396	22312.5	-17095190019.428377
13	9756.257	21937.5	-17095197435.770018
14	10333.045	22218.75	-17095133809.286928
15	10957.042	22031.25	-17095137204.298998
16	11562.709	22171.875	-17095119697.207512
