#Ne_opt: 21843.75, f_opt: 19774502144.155445, n_iters: 10, n_calls: 20, flag: 1
call	runtime	Ne	ll
0	634.584	30000.0	-19916002657.098892
1	1204.476	31500.0	-19966103771.894066
2	1785.589	28500.0	-19872181527.17387
3	2371.311	27000.0	-19835352806.464798
4	2948.72	24000.0	-19786016525.409775
5	3542.134	21000.0	-19776461347.013817
6	4150.4	15000.0	-19933026943.70779
7	4751.015	18000.0	-19819045015.444687
8	5330.243	22500.0	-19775607499.06388
9	5914.887	21750.0	-19774527054.736313
10	6492.841	22125.0	-19774702245.16136
11	7078.74	21375.0	-19775107728.32052
12	7665.274	21937.5	-19774521550.28119
13	8254.548	21843.75	-19774502144.155445
14	8857.276	21890.625	-19774516336.98098
