#Ne_opt: 20765.625, f_opt: 9519987927.22969, n_iters: 10, n_calls: 20, flag: 1
call	runtime	Ne	ll
0	211.901	30000.0	-9612694705.461987
1	387.821	31500.0	-9641038772.956043
2	571.543	28500.0	-9587367878.752815
3	755.162	27000.0	-9565404785.44161
4	942.186	24000.0	-9533185612.816538
5	1143.992	21000.0	-9520053761.720108
6	1355.128	15000.0	-9578203890.392784
7	1577.359	18000.0	-9531976395.16772
8	1798.664	19500.0	-9522403292.636389
9	2022.808	22500.0	-9523913304.21415
10	2240.032	20250.0	-9520394650.67748
11	2463.516	21750.0	-9521261041.845734
12	2662.077	20625.0	-9520022985.166359
13	2846.132	20812.5	-9519988822.3783
14	3046.184	20718.75	-9519993651.755104
15	3243.123	20906.25	-9520008904.238354
16	3480.869	20765.625	-9519987927.22969
