#Ne_opt: 22078.125, f_opt: 17144362752.353308, n_iters: 10, n_calls: 20, flag: 1
call	runtime	Ne	ll
0	704.952	30000.0	-17256554855.61256
1	1312.917	31500.0	-17297701662.503326
2	1883.614	28500.0	-17220762304.566425
3	2455.966	27000.0	-17190932190.475967
4	3027.056	24000.0	-17152023087.487919
5	3615.615	21000.0	-17147066194.716087
6	4220.822	15000.0	-17287345571.953465
7	4806.971	18000.0	-17186675894.77678
8	5371.059	22500.0	-17144737405.898197
9	5933.199	21750.0	-17144616474.898212
10	6494.375	22125.0	-17144366691.265911
11	7062.412	21937.5	-17144412742.362997
12	7622.156	22312.5	-17144475333.864132
13	8185.368	22031.25	-17144370409.056273
14	8744.762	22218.75	-17144402033.179012
15	9304.889	22078.125	-17144362752.353308
