#Ne_opt: 20578.125, f_opt: 10565469906.934855, n_iters: 10, n_calls: 20, flag: 1
call	runtime	Ne	ll
0	426.412	30000.0	-10673033332.559835
1	781.158	31500.0	-10705063212.35286
2	1137.39	28500.0	-10644319659.511473
3	1498.304	27000.0	-10619286060.32626
4	1861.423	24000.0	-10582036412.49089
5	2234.499	21000.0	-10565741045.024776
6	2616.448	15000.0	-10625806763.081654
7	2984.931	18000.0	-10576944199.518736
8	3362.564	19500.0	-10567381444.249926
9	3737.813	22500.0	-10570922258.241829
10	4113.89	20250.0	-10565645512.91383
11	4491.055	20625.0	-10565472759.544195
12	4870.207	20437.5	-10565502995.574131
13	5247.02	20812.5	-10565552762.513186
14	5619.727	20531.25	-10565473973.18579
15	5986.402	20718.75	-10565499107.906315
16	6368.978	20578.125	-10565469906.934855
