#Ne_opt: 21843.75, f_opt: 9478351312.875755, n_iters: 10, n_calls: 20, flag: 1
call	runtime	Ne	ll
0	373.036	30000.0	-9544775619.499128
1	716.852	31500.0	-9568298186.336979
2	1055.716	28500.0	-9524206488.677399
3	1400.951	27000.0	-9506914329.241179
4	1739.339	24000.0	-9483752308.053099
5	2084.619	21000.0	-9479273928.33707
6	2442.872	15000.0	-9553010503.805546
7	2791.709	18000.0	-9499330648.69143
8	3137.8	22500.0	-9478867933.143442
9	3480.76	21750.0	-9478363613.232265
10	3828.912	22125.0	-9478445063.90173
11	4177.382	21375.0	-9478635680.54431
12	4529.544	21937.5	-9478360920.782873
13	4880.918	21843.75	-9478351312.875755
14	5229.265	21890.625	-9478353424.227688
