#Ne_opt: 20625.0, f_opt: 27606163730.147617, n_iters: 10, n_calls: 20, flag: 1
call	runtime	Ne	ll
0	3582.788	30000.0	-27880314068.47737
1	7088.682	31500.0	-27961844210.959457
2	10739.917	28500.0	-27806911472.663834
3	14523.312	27000.0	-27743064461.578156
4	18223.518	24000.0	-27648143673.51522
5	21343.75	21000.0	-27606792356.8093
6	24372.842	15000.0	-27761761543.441006
7	27604.474	18000.0	-27635978995.793
8	30757.393	19500.0	-27611234503.865765
9	33500.601	22500.0	-27619842889.895096
10	36228.504	20250.0	-27606657107.644745
11	38966.963	20625.0	-27606163730.147617
12	41729.239	20437.5	-27606280701.867966
13	44456.312	20812.5	-27606344779.49044
14	47206.219	20531.25	-27606182030.771805
15	50028.052	20718.75	-27606218972.473072
16	52793.56	20578.125	-27606166248.713703
