#Ne_opt: 28101.5625, f_opt: 14574500525.024754, n_iters: 9, n_calls: 20, flag: 1
call	runtime	Ne	ll
0	389.39	30000.0	-14578582635.543285
1	730.041	31500.0	-14587153339.095303
2	1089.692	28500.0	-14574686819.334688
3	1446.886	27000.0	-14575974461.020008
4	1801.38	27750.0	-14574647867.46437
5	2160.516	28125.0	-14574501194.623362
6	2508.792	27937.5	-14574532463.123959
7	2862.194	28312.5	-14574552829.96736
8	3210.821	28031.25	-14574506411.090324
9	3561.631	28218.75	-14574516665.98573
10	3921.156	28078.125	-14574501157.761898
11	4267.954	28101.5625	-14574500525.024754
12	4625.938	28089.84375	-14574500569.879864
13	4951.81	28113.28125	-14574500738.686852
14	5269.832	28095.703125	-14574500682.571302
