#Ne_opt: 26953.125, f_opt: 17895764556.136417, n_iters: 10, n_calls: 20, flag: 1
call	runtime	Ne	ll
0	703.812	30000.0	-17909071484.976013
1	1323.746	31500.0	-17924437266.4992
2	1956.066	28500.0	-17899309060.815296
3	2593.453	27000.0	-17895768538.044205
4	3239.902	24000.0	-17910349373.68643
5	3890.853	25500.0	-17899165905.749744
6	4531.62	26250.0	-17896550631.93403
7	5164.031	27750.0	-17896719665.648148
8	5806.126	26625.0	-17895936079.411907
9	6442.433	27375.0	-17896033954.563515
10	7081.855	26812.5	-17895797028.90703
11	7721.234	27187.5	-17895848085.101807
12	8364.795	26906.25	-17895771057.535545
13	9005.923	27093.75	-17895795698.545834
14	9648.784	26953.125	-17895764556.136417
15	10292.482	26976.5625	-17895766806.317604
16	10939.034	26929.6875	-17895767633.51889
17	11578.52	26964.84375	-17895765203.82869
