#Ne_opt: 28306.640625, f_opt: 6998978936.527092, n_iters: 10, n_calls: 20, flag: 1
call	runtime	Ne	ll
0	186.224	30000.0	-7000459442.68211
1	353.485	31500.0	-7004068158.989859
2	528.602	28500.0	-6998999074.925496
3	684.536	27000.0	-6999923886.282995
4	837.301	27750.0	-6999146989.691713
5	1021.823	29250.0	-6999446752.541794
6	1207.065	28125.0	-6998996550.386229
7	1384.164	28312.5	-6998978971.073995
8	1559.163	28218.75	-6998983013.848177
9	1735.926	28406.25	-6998984340.939128
10	1920.558	28265.625	-6998979808.369402
11	2108.695	28359.375	-6998980484.239249
12	2272.154	28289.0625	-6998979092.4035425
13	2452.87	28335.9375	-6998979422.718328
14	2675.252	28300.78125	-6998978959.325153
15	2843.62	28306.640625	-6998978936.527092
