#Ne_opt: 31042.96875, f_opt: 11583651210.712484, n_iters: 9, n_calls: 20, flag: 1
call	runtime	Ne	ll
0	321.609	30000.0	-11584503478.605886
1	569.842	31500.0	-11583814950.248814
2	834.375	33000.0	-11586496025.282898
3	1095.016	30750.0	-11583717011.028967
4	1352.009	31125.0	-11583657736.147064
5	1633.887	30937.5	-11583660172.051315
6	1883.576	31312.5	-11583709466.372807
7	2147.997	31031.25	-11583652270.990149
8	2391.719	31078.125	-11583652761.421463
9	2658.974	30984.375	-11583653358.456314
10	2906.216	31054.6875	-11583652525.776173
11	3167.145	31007.8125	-11583652436.87331
12	3436.755	31019.53125	-11583652383.890965
13	3696.101	31042.96875	-11583651210.712484
14	3959.648	31037.109375	-11583652833.341919
