#Ne_opt: 28898.4375, f_opt: 24911053313.153534, n_iters: 9, n_calls: 20, flag: 1
call	runtime	Ne	ll
0	1062.903	30000.0	-24913211570.43074
1	2240.942	31500.0	-24922931218.620235
2	3511.323	28500.0	-24911390467.300026
3	4914.873	27000.0	-24918326968.78401
4	6060.944	29250.0	-24911262215.280907
5	7208.787	28875.0	-24911060858.379364
6	8325.131	29062.5	-24911093840.905815
7	9397.717	28687.5	-24911154557.49765
8	10386.759	28968.75	-24911062407.13099
9	11353.136	28781.25	-24911093922.249535
10	12352.107	28921.875	-24911057175.186394
11	13266.427	28898.4375	-24911053313.153534
12	14181.099	28910.15625	-24911053921.15219
13	15101.381	28886.71875	-24911054427.38456
14	16032.151	28904.296875	-24911058012.78719
