#Ne_opt: 31221.6796875, f_opt: 5498663072.142429, n_iters: 10, n_calls: 20, flag: 1
call	runtime	Ne	ll
0	106.313	30000.0	-5499225324.998004
1	191.405	31500.0	-5498691678.535099
2	275.21	33000.0	-5499785133.881376
3	364.658	30750.0	-5498745195.804023
4	443.144	32250.0	-5499044549.806704
5	521.41	31125.0	-5498666410.940587
6	602.04	31312.5	-5498666196.430492
7	689.351	31218.75	-5498663072.1798935
8	770.711	31265.625	-5498663828.5401535
9	859.631	31171.875	-5498663931.600197
10	944.056	31242.1875	-5498663248.676558
11	1031.032	31195.3125	-5498663299.631051
12	1108.934	31230.46875	-5498663109.921562
13	1189.876	31207.03125	-5498663135.378984
14	1267.71	31224.609375	-5498663078.407907
15	1361.194	31212.890625	-5498663091.159161
16	1439.972	31221.6796875	-5498663072.142429
