#Ne_opt: 29332.03125, f_opt: 28642634628.848038, n_iters: 9, n_calls: 20, flag: 1
call	runtime	Ne	ll
0	1079.319	30000.0	-28643528687.19986
1	2049.369	31500.0	-28652051378.680527
2	3010.286	28500.0	-28644209684.31416
3	4000.949	29250.0	-28642657890.74176
4	4985.312	29625.0	-28642796711.641674
5	6028.343	28875.0	-28643121726.47081
6	7073.276	29437.5	-28642653187.375153
7	8124.645	29343.75	-28642634972.88134
8	9125.328	29390.625	-28642640885.642075
9	10143.943	29296.875	-28642641961.160553
10	11132.056	29367.1875	-28642636344.441048
11	12112.889	29320.3125	-28642635826.325806
12	13321.852	29332.03125	-28642634628.848038
13	14778.843	29337.890625	-28642634744.37771
14	15841.759	29326.171875	-28642638934.925167
15	17212.977	29334.9609375	-28642635745.28764
