#Ne_opt: 29062.5, f_opt: 16543722647.722317, n_iters: 9, n_calls: 20, flag: 1
call	runtime	Ne	ll
0	591.537	30000.0	-16544949690.700253
1	1130.574	31500.0	-16551125305.56506
2	1654.833	28500.0	-16544053367.764977
3	2182.869	27000.0	-16548991581.380102
4	2683.744	29250.0	-16543807149.012522
5	3196.348	28875.0	-16543750628.783789
6	3728.751	29062.5	-16543722647.722317
7	4219.483	28968.75	-16543732362.623087
8	4711.099	29156.25	-16543758125.024662
9	5196.694	29015.625	-16543726041.338116
10	5682.023	29109.375	-16543760916.995186
11	6150.858	29039.0625	-16543725063.393639
12	6656.379	29085.9375	-16543748759.731724
13	7145.646	29050.78125	-16543743899.972935
14	7653.822	29074.21875	-16543735896.810257
