#Ne_opt: 28019.53125, f_opt: 25653536985.49472, n_iters: 10, n_calls: 20, flag: 1
call	runtime	Ne	ll
0	1258.197	30000.0	-25661345533.667763
1	2384.417	31500.0	-25676815759.8351
2	3452.641	28500.0	-25654019242.767746
3	4530.542	27000.0	-25655735000.296616
4	5617.802	27750.0	-25653686953.3157
5	6705.749	28125.0	-25653562673.151398
6	7786.303	27937.5	-25653550124.5706
7	8864.239	28031.25	-25653538373.90942
8	9971.419	27984.375	-25653546153.729668
9	11039.692	28078.125	-25653545803.92402
10	12081.487	28054.6875	-25653545281.840927
11	13113.274	28007.8125	-25653537119.108925
12	14148.77	28019.53125	-25653536985.49472
