#Ne_opt: 26578.125, f_opt: 29756750541.39988, n_iters: 9, n_calls: 20, flag: 1
call	runtime	Ne	ll
0	3418.582	30000.0	-29784900297.377026
1	7321.662	31500.0	-29813021887.53533
2	11353.622	28500.0	-29765912208.348167
3	15202.207	27000.0	-29757211140.148262
4	18955.849	24000.0	-29775453479.258083
5	22613.937	25500.0	-29759910141.593716
6	27323.565	26250.0	-29757045835.789154
7	32389.962	26625.0	-29756764447.598537
8	37712.858	26437.5	-29756808697.257084
9	40710.946	26812.5	-29756887991.44129
10	43354.536	26531.25	-29756755848.816776
11	45902.111	26578.125	-29756750541.39988
12	48317.51	26554.6875	-29756752558.00692
13	50660.457	26601.5625	-29756755447.32763
14	53074.288	26566.40625	-29756753830.101562
