#Ne_opt: 28031.25, f_opt: 11419459092.405525, n_iters: 9, n_calls: 20, flag: 1
call	runtime	Ne	ll
0	182.425	30000.0	-11422845283.151909
1	343.976	31500.0	-11429716209.202188
2	501.408	28500.0	-11419645435.503464
3	658.798	27000.0	-11420518516.826246
4	816.084	27750.0	-11419543518.74318
5	973.561	28125.0	-11419465821.790302
6	1124.129	27937.5	-11419469436.049492
7	1282.586	28312.5	-11419523723.244324
8	1437.0	28031.25	-11419459092.405525
9	1590.166	28078.125	-11419461588.307308
10	1742.971	27984.375	-11419464464.199778
11	1899.453	28054.6875	-11419461152.122982
12	2050.417	28007.8125	-11419460108.997791
13	2203.48	28019.53125	-11419459519.713171
14	2359.376	28042.96875	-11419459242.364246
15	2521.09	28037.109375	-11419460201.78397
