#Ne_opt: 29625.0, f_opt: 22205113988.99444, n_iters: 8, n_calls: 20, flag: 1
call	runtime	Ne	ll
0	749.041	30000.0	-22205376585.782726
1	1502.338	31500.0	-22210799138.98797
2	2226.738	28500.0	-22207116223.1718
3	2982.868	29250.0	-22205307628.441216
4	3652.461	29625.0	-22205113988.99444
5	4335.002	29437.5	-22205155759.40426
6	5006.221	29812.5	-22205187870.350372
7	5692.062	29531.25	-22205125452.531532
8	6356.702	29718.75	-22205147540.633457
9	7037.559	29578.125	-22205119899.27103
10	7695.539	29671.875	-22205124894.672638
11	8353.271	29601.5625	-22205126435.842957
12	8989.407	29648.4375	-22205121887.26171
13	9631.417	29636.71875	-22205122459.759384
14	10266.469	29613.28125	-22205122482.80387
15	10904.071	29630.859375	-22205125133.75376
