#Ne_opt: 28218.75, f_opt: 11068452300.148867, n_iters: 9, n_calls: 20, flag: 1
call	runtime	Ne	ll
0	351.556	30000.0	-11071106473.125029
1	667.973	31500.0	-11077184032.059769
2	983.775	28500.0	-11068519114.8662
3	1304.895	27000.0	-11069802509.485138
4	1630.451	27750.0	-11068650767.03282
5	1950.102	29250.0	-11069353990.59259
6	2275.443	28125.0	-11068460880.473045
7	2596.72	28312.5	-11068459188.527456
8	2922.363	28218.75	-11068452300.148867
9	3250.278	28265.625	-11068453950.519901
10	3577.447	28171.875	-11068454666.150242
11	3902.025	28242.1875	-11068452758.498306
12	4235.572	28195.3125	-11068452998.624908
13	4563.451	28230.46875	-11068452347.502293
14	4890.03	28207.03125	-11068452637.428436
15	5219.92	28224.609375	-11068452397.962189
