#Ne_opt: 27316.40625, f_opt: 12408161679.20881, n_iters: 10, n_calls: 20, flag: 1
call	runtime	Ne	ll
0	418.574	30000.0	-12415269087.083166
1	795.564	31500.0	-12424850785.326649
2	1187.58	28500.0	-12409598060.494862
3	1582.655	27000.0	-12408265230.068087
4	1972.343	24000.0	-12420706817.369139
5	2371.578	25500.0	-12411771229.776932
6	2763.225	27750.0	-12408360025.312458
7	3141.205	26250.0	-12409378805.774656
8	3524.205	27375.0	-12408165789.564716
9	3906.006	27187.5	-12408178315.47426
10	4300.835	27562.5	-12408226662.501905
11	4691.497	27281.25	-12408162725.07214
12	5090.825	27328.125	-12408161951.443848
13	5481.205	27304.6875	-12408161799.762041
14	5881.717	27316.40625	-12408161679.20881
