#Ne_opt: 28570.3125, f_opt: 19334324908.848373, n_iters: 10, n_calls: 20, flag: 1
call	runtime	Ne	ll
0	770.63	30000.0	-19337268524.594097
1	1516.741	31500.0	-19346372406.733696
2	2231.014	28500.0	-19334335362.834595
3	2953.409	27000.0	-19338249440.761497
4	3593.147	29250.0	-19334990097.61207
5	4254.612	27750.0	-19335390888.665398
6	4909.059	28875.0	-19334454539.36633
7	5567.104	28125.0	-19334643442.506256
8	6209.927	28687.5	-19334341810.329018
9	6855.683	28312.5	-19334434149.48992
10	7503.67	28593.75	-19334325854.176483
11	8148.98	28546.875	-19334327501.082886
12	8772.415	28640.625	-19334330746.89158
13	9405.876	28570.3125	-19334324908.848373
14	10031.088	28582.03125	-19334325591.122704
15	10636.654	28558.59375	-19334325946.380013
16	11185.593	28576.171875	-19334325088.079483
