#Ne_opt: 26812.5, f_opt: 33132552151.98256, n_iters: 9, n_calls: 20, flag: 1
call	runtime	Ne	ll
0	2078.994	30000.0	-33160700886.188427
1	4168.994	31500.0	-33190874725.70107
2	6382.9	28500.0	-33140902299.292183
3	8692.117	27000.0	-33132716702.164536
4	11017.681	24000.0	-33156631826.230278
5	13275.958	25500.0	-33137420677.607285
6	15422.046	26250.0	-33133357474.37491
7	17406.406	27750.0	-33135276488.82037
8	19352.691	26625.0	-33132623608.08995
9	21280.255	26812.5	-33132552151.98256
10	23274.43	26718.75	-33132570197.64708
11	25285.934	26906.25	-33132607840.895218
12	27263.087	26765.625	-33132552410.77398
13	29248.007	26859.375	-33132573330.753693
14	31254.1	26789.0625	-33132556769.038742
15	33191.533	26835.9375	-33132578696.38477
