#Ne_opt: 28148.4375, f_opt: 28283801570.753025, n_iters: 9, n_calls: 20, flag: 1
call	runtime	Ne	ll
0	2434.206	30000.0	-28291341336.548588
1	4739.268	31500.0	-28307491285.85891
2	7199.755	28500.0	-28284107689.107616
3	9492.601	27000.0	-28286777518.286156
4	11372.933	27750.0	-28284136651.56288
5	12793.516	29250.0	-28286550085.54148
6	14211.562	28125.0	-28283804705.075565
7	15597.518	28312.5	-28283873872.453506
8	16984.986	27937.5	-28283886475.35984
9	18398.025	28218.75	-28283819603.75141
10	19796.613	28031.25	-28283824522.538128
11	21212.793	28171.875	-28283803981.68208
12	22871.394	28148.4375	-28283801570.753025
13	24877.531	28160.15625	-28283810077.02498
14	27035.217	28136.71875	-28283799435.343765
