#Ne_opt: 27292.96875, f_opt: 8780773797.096209, n_iters: 10, n_calls: 20, flag: 1
call	runtime	Ne	ll
0	178.867	30000.0	-8785930737.881622
1	326.617	31500.0	-8792799520.551409
2	472.355	28500.0	-8781841389.77417
3	625.536	27000.0	-8780835700.697691
4	775.221	24000.0	-8789562752.58171
5	921.37	25500.0	-8783269153.543484
6	1070.73	27750.0	-8780932159.915394
7	1212.151	26250.0	-8781597900.092596
8	1351.747	27375.0	-8780779561.506575
9	1505.699	27187.5	-8780781184.387318
10	1650.637	27562.5	-8780830125.002148
11	1789.821	27281.25	-8780773797.111834
12	1929.83	27328.125	-8780775039.937677
13	2068.328	27234.375	-8780775839.088692
14	2209.124	27304.6875	-8780774010.93472
15	2348.441	27257.8125	-8780774408.08176
16	2486.347	27292.96875	-8780773797.096209
