#Ne_opt: 28476.5625, f_opt: 21969307470.34479, n_iters: 9, n_calls: 20, flag: 1
call	runtime	Ne	ll
0	744.95	30000.0	-21973043817.494667
1	1425.257	31500.0	-21983787277.003113
2	2098.358	28500.0	-21969308416.318336
3	2785.209	27000.0	-21973343927.201584
4	3454.864	29250.0	-21970254302.685677
5	4115.382	27750.0	-21970304543.36975
6	4786.756	28875.0	-21969546038.929832
7	5454.646	28125.0	-21969555879.668724
8	6126.634	28687.5	-21969364108.544125
9	6793.536	28312.5	-21969364997.64583
10	7459.621	28593.75	-21969325212.133118
11	8116.588	28406.25	-21969322191.929924
12	8775.384	28453.125	-21969312340.76255
13	9434.995	28546.875	-21969315365.823196
14	10095.334	28476.5625	-21969307470.34479
15	10741.767	28488.28125	-21969308228.873573
16	11388.818	28464.84375	-21969314743.924595
17	12036.241	28482.421875	-21969309033.988968
