#Ne_opt: 25910.15625, f_opt: 9558628030.979202, n_iters: 10, n_calls: 20, flag: 1
call	runtime	Ne	ll
0	302.66	30000.0	-9571892841.406445
1	560.991	31500.0	-9582565703.020031
2	824.341	28500.0	-9564141330.6927
3	1080.009	27000.0	-9559643603.279068
4	1340.649	24000.0	-9561985605.068302
5	1604.861	25500.0	-9558776009.25449
6	1863.108	26250.0	-9558730036.481178
7	2137.424	25875.0	-9558630578.946518
8	2398.551	26062.5	-9558649341.545555
9	2660.051	25687.5	-9558673152.765335
10	2922.508	25968.75	-9558631697.14172
11	3176.578	25781.25	-9558642128.30178
12	3429.884	25921.875	-9558629065.33684
13	3691.491	25898.4375	-9558628543.36647
14	3958.188	25910.15625	-9558628030.979202
