#Ne_opt: 28634.765625, f_opt: 19047744134.846153, n_iters: 10, n_calls: 20, flag: 1
call	runtime	Ne	ll
0	675.537	30000.0	-19050392816.822906
1	1315.634	31500.0	-19059022335.3546
2	1958.347	28500.0	-19047770959.315384
3	2616.459	27000.0	-19051815316.963577
4	3264.594	29250.0	-19048291514.690903
5	3926.204	27750.0	-19048915252.70827
6	4580.137	28875.0	-19047828631.966522
7	5236.694	28125.0	-19048129413.90841
8	5882.404	28687.5	-19047748036.909344
9	6546.576	28593.75	-19047747125.277782
10	7207.02	28640.625	-19047744423.89346
11	7856.902	28617.1875	-19047744530.429047
12	8466.984	28664.0625	-19047745737.610237
13	9069.463	28628.90625	-19047744318.90998
14	9669.806	28634.765625	-19047744134.846153
