#Ne_opt: 24609.375, f_opt: 11523714888.831596, n_iters: 10, n_calls: 20, flag: 1
call	runtime	Ne	ll
0	359.258	30000.0	-11555800550.006641
1	687.302	31500.0	-11574400840.418915
2	1015.184	28500.0	-11541025246.533161
3	1354.302	27000.0	-11530494353.538588
4	1730.212	24000.0	-11524190616.519623
5	2070.258	21000.0	-11541971202.06887
6	2415.011	25500.0	-11524692478.983276
7	2752.715	22500.0	-11529673947.559795
8	3096.054	24750.0	-11523740553.452404
9	3468.069	24375.0	-11523784698.042452
10	3829.838	25125.0	-11524046042.904255
11	4178.435	24562.5	-11523716899.39038
12	4520.808	24656.25	-11523717556.959118
13	4861.504	24468.75	-11523740428.609673
14	5220.419	24609.375	-11523714888.831596
15	5549.979	24585.9375	-11523714891.100418
