#Ne_opt: 25218.75, f_opt: 6983397005.210871, n_iters: 10, n_calls: 20, flag: 1
call	runtime	Ne	ll
0	289.802	30000.0	-6997843206.217804
1	538.314	31500.0	-7007492713.810415
2	794.043	28500.0	-6990449100.978377
3	1043.063	27000.0	-6985557598.522443
4	1325.544	24000.0	-6984477771.228769
5	1606.872	21000.0	-6997611722.320303
6	1862.035	25500.0	-6983454445.613022
7	2125.351	24750.0	-6983551867.676176
8	2383.175	26250.0	-6984137629.796919
9	2640.436	25125.0	-6983402661.549895
10	2888.285	25312.5	-6983403819.652529
11	3150.009	24937.5	-6983451765.2220745
12	3408.127	25218.75	-6983397005.210871
13	3666.692	25171.875	-6983398266.457868
14	3932.936	25265.625	-6983398861.020578
15	4188.578	25195.3125	-6983397245.170425
