#Ne_opt: 23507.8125, f_opt: 29721258730.497498, n_iters: 10, n_calls: 20, flag: 1
call	runtime	Ne	ll
0	1861.05	30000.0	-29844147726.45594
1	3852.772	31500.0	-29901358078.138832
2	6043.495	28500.0	-29796367751.817062
3	8464.787	27000.0	-29759280431.025757
4	10996.167	24000.0	-29722022872.534584
5	13389.519	21000.0	-29745056801.766235
6	16032.87	22500.0	-29725020331.408318
7	19242.285	25500.0	-29734028125.124294
8	22888.559	23250.0	-29721515724.168156
9	26777.736	23625.0	-29721287339.27516
10	30517.516	23437.5	-29721281275.654816
11	33867.957	23531.25	-29721259703.781387
12	37395.498	23484.375	-29721261295.231007
13	40630.573	23578.125	-29721273052.73269
14	44083.871	23507.8125	-29721258730.497498
