#Ne_opt: 25078.125, f_opt: 19312976203.022312, n_iters: 10, n_calls: 20, flag: 1
call	runtime	Ne	ll
0	594.064	30000.0	-19356554086.210857
1	1127.799	31500.0	-19384588155.918232
2	1667.844	28500.0	-19334855577.466156
3	2219.179	27000.0	-19320191561.06762
4	2767.543	24000.0	-19315310808.7953
5	3320.381	21000.0	-19350333122.386887
6	3907.499	25500.0	-19313360888.193127
7	4539.751	24750.0	-19313173214.15908
8	5111.553	25125.0	-19312984745.378555
9	5735.467	24937.5	-19313006935.407364
10	6355.932	25312.5	-19313102952.695168
11	7025.245	25031.25	-19312978856.519287
12	7672.178	25078.125	-19312976203.022312
13	8306.561	25054.6875	-19312976231.602615
