#Ne_opt: 24585.9375, f_opt: 11054571325.724358, n_iters: 10, n_calls: 20, flag: 1
call	runtime	Ne	ll
0	267.196	30000.0	-11084947942.827202
1	478.437	31500.0	-11102503308.235233
2	691.084	28500.0	-11070995454.15041
3	907.379	27000.0	-11061035145.144901
4	1128.578	24000.0	-11054998160.304722
5	1339.184	21000.0	-11071618810.278553
6	1546.049	25500.0	-11055523310.289259
7	1753.43	22500.0	-11060104285.584938
8	1951.553	24750.0	-11054600198.189186
9	2153.402	24375.0	-11054628950.678148
10	2352.64	25125.0	-11054901472.41315
11	2552.219	24562.5	-11054572427.03953
12	2766.177	24656.25	-11054575881.623013
13	2964.695	24468.75	-11054590276.284351
14	3173.541	24609.375	-11054571608.546623
15	3387.608	24585.9375	-11054571325.724358
