#Ne_opt: 24726.5625, f_opt: 21921799749.04916, n_iters: 10, n_calls: 20, flag: 1
call	runtime	Ne	ll
0	703.999	30000.0	-21978871062.833603
1	1340.341	31500.0	-22012889074.18372
2	1978.724	28500.0	-21952021964.114594
3	2614.552	27000.0	-21933146121.049263
4	3282.952	24000.0	-21923092138.1329
5	3932.963	21000.0	-21958256231.5427
6	4589.131	25500.0	-21923144862.64934
7	5276.029	22500.0	-21934280539.328423
8	5947.914	24750.0	-21921804354.182156
9	6644.858	24375.0	-21922109283.00831
10	7366.505	25125.0	-21922154318.614292
11	8087.351	24562.5	-21921870430.86175
12	8781.679	24937.5	-21921896273.872795
13	9651.505	24656.25	-21921815102.88531
14	10460.966	24843.75	-21921828237.529137
15	11309.303	24703.125	-21921802727.721592
16	12181.034	24726.5625	-21921799749.04916
