#Ne_opt: 25535.15625, f_opt: 28599509551.59661, n_iters: 10, n_calls: 20, flag: 1
call	runtime	Ne	ll
0	1083.741	30000.0	-28651071421.92605
1	2086.453	31500.0	-28688435369.082428
2	3093.595	28500.0	-28623073402.57778
3	4126.394	27000.0	-28605495787.41439
4	5223.429	24000.0	-28606530745.342678
5	6288.326	25500.0	-28599512135.276722
6	7437.006	26250.0	-28600971502.961933
7	8611.599	24750.0	-28601305038.275
8	9812.811	25875.0	-28599848967.2248
9	11124.162	25125.0	-28599988550.03226
10	12525.891	25687.5	-28599583139.4704
11	13910.593	25312.5	-28599650470.414436
12	15327.156	25593.75	-28599523183.779175
13	16795.868	25406.25	-28599558360.386475
14	18313.05	25546.875	-28599510951.447952
15	20004.716	25523.4375	-28599509905.510773
16	22149.584	25535.15625	-28599509551.59661
