#Ne_opt: 24726.5625, f_opt: 19025399735.322674, n_iters: 10, n_calls: 20, flag: 1
call	runtime	Ne	ll
0	532.491	30000.0	-19074378487.98906
1	998.964	31500.0	-19103633437.181328
2	1473.802	28500.0	-19051302010.21535
3	2014.401	27000.0	-19035093131.56374
4	2559.086	24000.0	-19026539148.02699
5	3111.694	21000.0	-19056941522.68789
6	3647.295	25500.0	-19026530705.99476
7	4195.08	24750.0	-19025400245.50205
8	4746.44	25125.0	-19025689777.236805
9	5298.207	24375.0	-19025677297.231293
10	5848.34	24562.5	-19025465710.11228
11	6400.675	24937.5	-19025474742.02495
12	6958.709	24656.25	-19025414973.21846
13	7513.615	24843.75	-19025419444.400917
14	8060.605	24703.125	-19025402492.468163
15	8613.668	24796.875	-19025405593.447678
16	9184.363	24726.5625	-19025399735.322674
