#Ne_opt: 27515.625, f_opt: 5492063207.823929, n_iters: 10, n_calls: 20, flag: 1
call	runtime	Ne	ll
0	67.491	30000.0	-5494864514.483951
1	109.42	31500.0	-5499045493.731197
2	152.027	28500.0	-5492515453.840577
3	194.706	27000.0	-5492196026.08618
4	237.88	24000.0	-5498616039.088242
5	280.98	25500.0	-5494138212.5391655
6	324.943	27750.0	-5492088382.531839
7	368.63	27375.0	-5492073535.32117
8	412.15	27562.5	-5492064022.847165
9	455.619	27468.75	-5492064516.655881
10	500.767	27656.25	-5492071997.490103
11	544.446	27515.625	-5492063207.823929
12	588.264	27539.0625	-5492063350.274532
13	632.901	27492.1875	-5492063596.368403
14	678.533	27527.34375	-5492063212.725096
