#Ne_opt: 23250.0, f_opt: 33077974075.475456, n_iters: 10, n_calls: 20, flag: 1
call	runtime	Ne	ll
0	1652.871	30000.0	-33227884872.754
1	3316.073	31500.0	-33294787443.089546
2	5092.577	28500.0	-33171596852.208954
3	6824.123	27000.0	-33127258048.926785
4	8775.288	24000.0	-33079937635.952576
5	10833.281	21000.0	-33100124405.14821
6	12991.678	22500.0	-33080491097.794765
7	15255.177	25500.0	-33096174219.021538
8	17464.224	23250.0	-33077974075.475456
9	20124.591	23625.0	-33078416526.76313
10	22858.066	22875.0	-33078642051.334858
11	25471.651	23437.5	-33078058286.851265
12	28293.401	23062.5	-33078164396.369793
13	31536.86	23343.75	-33077980113.74347
14	34850.651	23156.25	-33078034441.282463
15	37582.591	23296.875	-33077978182.46658
16	40260.929	23203.125	-33078009245.274418
17	43027.365	23273.4375	-33077977616.701324
