#Ne_opt: 24492.1875, f_opt: 22100444628.467285, n_iters: 10, n_calls: 20, flag: 1
call	runtime	Ne	ll
0	601.422	30000.0	-22164949305.58358
1	1115.921	31500.0	-22201338031.941765
2	1623.792	28500.0	-22135853013.27008
3	2209.058	27000.0	-22114858685.03591
4	2993.738	24000.0	-22101024075.00193
5	3762.936	21000.0	-22133147567.848343
6	4538.393	25500.0	-22102883694.96409
7	5290.799	22500.0	-22110591354.457035
8	5968.696	24750.0	-22100620325.67727
9	6603.65	24375.0	-22100478377.81495
10	7247.355	24562.5	-22100461328.036575
11	7877.313	24468.75	-22100449456.00925
12	8511.879	24515.625	-22100451976.617573
13	9158.796	24421.875	-22100459114.099834
14	9794.684	24492.1875	-22100444628.467285
