#Ne_opt: 24867.1875, f_opt: 14561416709.344902, n_iters: 10, n_calls: 20, flag: 1
call	runtime	Ne	ll
0	340.022	30000.0	-14597279802.4453
1	608.964	31500.0	-14619281750.12856
2	883.618	28500.0	-14580047154.034323
3	1173.867	27000.0	-14568099407.050526
4	1466.988	24000.0	-14562579225.470327
5	1744.443	21000.0	-14587041678.518072
6	2007.237	25500.0	-14562039211.330212
7	2275.079	24750.0	-14561434934.938251
8	2535.639	25125.0	-14561524927.597641
9	2796.296	24375.0	-14561781778.962776
10	3046.848	24937.5	-14561426063.720371
11	3306.735	24843.75	-14561416776.975286
12	3578.089	24890.625	-14561418040.89917
13	3860.788	24796.875	-14561422474.831108
14	4177.726	24867.1875	-14561416709.344902
