#Ne_opt: 23062.5, f_opt: 9545074961.838902, n_iters: 10, n_calls: 20, flag: 1
call	runtime	Ne	ll
0	339.293	30000.0	-9591364229.082642
1	635.65	31500.0	-9611266433.527359
2	958.016	28500.0	-9574516143.207243
3	1269.644	27000.0	-9561079317.903595
4	1567.263	24000.0	-9546044864.477142
5	1875.732	21000.0	-9550347687.184929
6	2113.844	22500.0	-9545459611.194738
7	2355.51	23250.0	-9545112603.041775
8	2599.893	22875.0	-9545119535.839577
9	2837.646	23625.0	-9545423872.71997
10	3080.151	23062.5	-9545074961.838902
11	3317.454	23156.25	-9545085182.298061
12	3552.143	22968.75	-9545085408.593637
13	3802.784	23109.375	-9545076213.264763
14	4034.926	23015.625	-9545079376.2006
15	4272.43	23085.9375	-9545075546.975277
