#Ne_opt: 23789.0625, f_opt: 17876398635.38462, n_iters: 10, n_calls: 20, flag: 1
call	runtime	Ne	ll
0	457.944	30000.0	-17943667885.097336
1	871.273	31500.0	-17976628351.060997
2	1286.407	28500.0	-17916483738.81037
3	1708.963	27000.0	-17895717123.47991
4	2129.912	24000.0	-17876487085.076252
5	2558.339	21000.0	-17893664388.295723
6	2995.592	22500.0	-17879926315.42116
7	3439.096	25500.0	-17882096440.60726
8	3897.407	23250.0	-17877002919.248726
9	4356.856	24750.0	-17878231189.402504
10	4794.86	23625.0	-17876453802.409
11	5262.0	23812.5	-17876398731.526695
12	5721.602	23718.75	-17876408957.708908
13	6159.835	23906.25	-17876426430.13166
14	6622.549	23765.625	-17876399303.199142
15	7092.606	23859.375	-17876408601.99207
16	7536.285	23789.0625	-17876398635.38462
