#Ne_opt: 24328.125, f_opt: 8768955230.450037, n_iters: 10, n_calls: 20, flag: 1
call	runtime	Ne	ll
0	145.736	30000.0	-8796100067.07465
1	268.908	31500.0	-8810881969.462204
2	393.728	28500.0	-8784188487.262505
3	503.791	27000.0	-8775457051.219452
4	614.853	24000.0	-8769053400.120731
5	727.123	21000.0	-8780697756.147099
6	846.43	25500.0	-8770268732.67594
7	977.742	22500.0	-8772323571.523417
8	1091.79	24750.0	-8769134705.406075
9	1204.295	23250.0	-8770091919.051735
10	1314.979	24375.0	-8768958399.354378
11	1434.552	24187.5	-8768971505.295708
12	1566.547	24562.5	-8769013118.965836
13	1679.608	24281.25	-8768956425.017122
14	1791.46	24328.125	-8768955230.450037
15	1905.988	24304.6875	-8768955298.273008
