#Ne_opt: 24445.3125, f_opt: 16500583529.983522, n_iters: 10, n_calls: 20, flag: 1
call	runtime	Ne	ll
0	535.582	30000.0	-16549552638.682312
1	1017.642	31500.0	-16576829301.027077
2	1506.53	28500.0	-16527666199.54926
3	1971.978	27000.0	-16511794203.67034
4	2437.932	24000.0	-16500917161.185852
5	2916.019	21000.0	-16524127799.432497
6	3351.529	25500.0	-16502605916.382507
7	3786.933	22500.0	-16507711901.567015
8	4232.287	24750.0	-16500775792.164513
9	4688.363	24375.0	-16500595468.466002
10	5149.881	24562.5	-16500618923.208881
11	5555.235	24187.5	-16500699863.010944
12	5935.87	24468.75	-16500589014.048258
13	6325.141	24421.875	-16500588800.829014
14	6710.768	24445.3125	-16500583529.983522
