#Ne_opt: 24890.625, f_opt: 11409560916.786762, n_iters: 10, n_calls: 20, flag: 1
call	runtime	Ne	ll
0	165.184	30000.0	-11437284943.502487
1	291.157	31500.0	-11454435428.143211
2	419.521	28500.0	-11423879116.355433
3	550.164	27000.0	-11414625089.21304
4	677.781	24000.0	-11410551241.772926
5	803.879	21000.0	-11430025182.973652
6	941.436	25500.0	-11409996532.808643
7	1083.134	24750.0	-11409588029.37471
8	1220.884	25125.0	-11409625021.723804
9	1359.286	24375.0	-11409893638.084976
10	1496.195	24937.5	-11409563880.029333
11	1629.533	24843.75	-11409564880.098864
12	1766.66	25031.25	-11409584682.906628
13	1900.766	24890.625	-11409560916.786762
14	2036.522	24914.0625	-11409561438.713387
