#Ne_opt: 24703.125, f_opt: 4758952516.871229, n_iters: 10, n_calls: 20, flag: 1
call	runtime	Ne	ll
0	98.057	30000.0	-4771519214.281624
1	166.545	31500.0	-4778977085.042257
2	237.118	28500.0	-4765630089.081769
3	306.807	27000.0	-4761478448.142817
4	378.458	24000.0	-4759219073.512588
5	451.052	21000.0	-4766824509.066547
6	521.245	25500.0	-4759262859.064842
7	592.552	22500.0	-4761627040.9207325
8	663.498	24750.0	-4758953122.283509
9	734.697	24375.0	-4759011941.574519
10	804.514	25125.0	-4759038181.570913
11	874.817	24562.5	-4758964270.130728
12	944.762	24937.5	-4758977940.397994
13	1013.872	24656.25	-4758954169.160756
14	1084.63	24843.75	-4758961068.511807
15	1155.339	24703.125	-4758952516.871229
16	1225.984	24726.5625	-4758952538.139087
