#Ne_opt: 24328.125, f_opt: 25608264184.61786, n_iters: 9, n_calls: 20, flag: 1
call	runtime	Ne	ll
0	840.167	30000.0	-25688109774.503647
1	1614.18	31500.0	-25731351010.747032
2	2399.312	28500.0	-25653201269.11514
3	3264.355	27000.0	-25627566131.46571
4	4139.324	24000.0	-25608506097.78127
5	5012.225	21000.0	-25642031880.9955
6	5904.83	25500.0	-25612250465.4608
7	6788.32	22500.0	-25617835090.167297
8	7687.857	24750.0	-25608849898.40651
9	8583.151	23250.0	-25611430813.87335
10	9475.979	24375.0	-25608284813.90188
11	10369.472	24187.5	-25608300319.928974
12	11234.893	24562.5	-25608467429.30386
13	12117.891	24281.25	-25608265178.033707
14	13024.496	24328.125	-25608264184.61786
15	13894.177	24304.6875	-25608265628.550003
