#Ne_opt: 24328.125, f_opt: 28228353643.17801, n_iters: 10, n_calls: 20, flag: 1
call	runtime	Ne	ll
0	1670.559	30000.0	-28315290490.382385
1	3452.48	31500.0	-28362564393.060455
2	5165.235	28500.0	-28277155974.960217
3	6905.363	27000.0	-28249205035.50995
4	8487.371	24000.0	-28228661631.2131
5	10147.765	21000.0	-28265857445.47152
6	11801.398	25500.0	-28232580896.83521
7	13500.853	22500.0	-28239098190.402534
8	15305.409	24750.0	-28228943428.696293
9	17080.449	23250.0	-28231968634.6028
10	18988.721	24375.0	-28228371880.416145
11	20970.91	24187.5	-28228412818.098156
12	23006.017	24562.5	-28228548059.289757
13	25075.602	24281.25	-28228360577.499077
14	26926.94	24328.125	-28228353643.17801
15	28913.896	24304.6875	-28228358204.43786
