#Ne_opt: 25359.375, f_opt: 24885323793.537453, n_iters: 10, n_calls: 20, flag: 1
call	runtime	Ne	ll
0	955.19	30000.0	-24933992018.47286
1	1831.94	31500.0	-24967670749.513996
2	2791.128	28500.0	-24908431333.831856
3	3904.29	27000.0	-24891884666.644814
4	5041.059	24000.0	-24890114313.96917
5	6232.852	21000.0	-24939490386.062294
6	7517.929	25500.0	-24885374342.401535
7	8767.664	24750.0	-24886259405.90692
8	10078.911	26250.0	-24887304139.71292
9	11475.537	25125.0	-24885454659.13555
10	12924.892	25875.0	-24885999667.453266
11	14361.207	25312.5	-24885325865.513252
12	15830.662	25406.25	-24885332107.795105
13	17223.128	25218.75	-24885366278.271538
14	18666.542	25359.375	-24885323793.537453
15	19950.013	25335.9375	-24885325382.911415
