#Ne_opt: 21234.375, f_opt: 22577320108.19491, n_iters: 10, n_calls: 20, flag: 1
call	runtime	Ne	ll
0	784.862	30000.0	-22767585266.479256
1	1567.849	31500.0	-22829372273.222836
2	2345.092	28500.0	-22712808226.291794
3	3134.721	27000.0	-22665886895.21976
4	3928.144	24000.0	-22599360747.963734
5	4774.331	21000.0	-22577511429.679764
6	5626.718	15000.0	-22731399425.480186
7	6469.952	18000.0	-22614298893.354588
8	7289.92	22500.0	-22582108576.449173
9	8111.095	19500.0	-22587453418.519386
10	8906.757	21750.0	-22578117531.030296
11	9693.309	20250.0	-22580517911.719376
12	10481.311	21375.0	-22577377674.608727
13	11269.972	21187.5	-22577330260.67562
14	12064.506	21281.25	-22577324120.13146
15	12872.882	21234.375	-22577320108.19491
