#Ne_opt: 20578.125, f_opt: 6964684416.078857, n_iters: 10, n_calls: 20, flag: 1
call	runtime	Ne	ll
0	138.914	30000.0	-7035265267.796244
1	265.938	31500.0	-7056284161.067869
2	391.246	28500.0	-7016421428.161345
3	520.109	27000.0	-6999992427.788225
4	646.044	24000.0	-6975544868.129162
5	776.046	21000.0	-6964859604.889551
6	908.68	15000.0	-7004403932.790844
7	1035.329	18000.0	-6972246615.8467865
8	1165.255	19500.0	-6965948812.443108
9	1298.89	22500.0	-6968253292.926498
10	1425.873	20250.0	-6964802193.473864
11	1549.201	20625.0	-6964685956.529271
12	1680.997	20437.5	-6964707169.17705
13	1815.541	20812.5	-6964737204.7150345
14	1943.044	20531.25	-6964687423.855353
15	2070.963	20718.75	-6964702608.398406
16	2198.569	20578.125	-6964684416.078857
