#Ne_opt: 20015.625, f_opt: 27605954548.525455, n_iters: 10, n_calls: 20, flag: 1
call	runtime	Ne	ll
0	1547.023	30000.0	-27927112601.582706
1	3074.275	31500.0	-28015712117.158653
2	4659.963	28500.0	-27846564793.301765
3	6253.864	27000.0	-27775517041.053726
4	7849.423	24000.0	-27666094260.531204
5	9453.572	21000.0	-27610043064.65
6	10881.723	15000.0	-27734819225.18151
7	12317.07	18000.0	-27624299681.40992
8	13789.224	19500.0	-27607052176.489693
9	15232.57	20250.0	-27606216195.78029
10	16699.784	19875.0	-27606025278.27572
11	18168.753	20062.5	-27605967793.43795
12	19655.284	19968.75	-27605961310.35205
13	21174.506	20015.625	-27605954548.525455
