#Ne_opt: 19968.75, f_opt: 12715207652.183853, n_iters: 10, n_calls: 20, flag: 1
call	runtime	Ne	ll
0	248.809	30000.0	-12869993317.032658
1	480.954	31500.0	-12912678266.991764
2	714.629	28500.0	-12831351259.670095
3	946.869	27000.0	-12797195599.944714
4	1179.665	24000.0	-12744499402.17678
5	1417.844	21000.0	-12717324717.506577
6	1662.688	15000.0	-12775729274.769451
7	1902.264	18000.0	-12723620598.422512
8	2139.969	19500.0	-12715651793.44604
9	2371.99	20250.0	-12715373580.047878
10	2607.801	19875.0	-12715223545.623812
11	2844.248	20062.5	-12715227689.703617
12	3078.465	19687.5	-12715363998.824335
13	3314.954	19968.75	-12715207652.183853
14	3553.534	19921.875	-12715211162.80313
