#Ne_opt: 23578.125, f_opt: 9584270668.932327, n_iters: 10, n_calls: 20, flag: 1
call	runtime	Ne	ll
0	177.264	30000.0	-9623341840.11299
1	345.049	31500.0	-9641622590.546318
2	518.076	28500.0	-9608125233.812708
3	690.231	27000.0	-9596305462.282082
4	862.778	24000.0	-9584494008.424564
5	1038.262	21000.0	-9592030534.83308
6	1207.82	22500.0	-9585523227.872929
7	1379.162	25500.0	-9588274021.685383
8	1552.982	23250.0	-9584368290.861511
9	1727.025	23625.0	-9584276323.392738
10	1901.009	23437.5	-9584284478.186943
11	2073.012	23812.5	-9584347999.165506
12	2246.35	23531.25	-9584271690.776724
13	2417.99	23578.125	-9584270668.932327
14	2593.659	23554.6875	-9584270975.94598
