#Ne_opt: 21187.5, f_opt: 14256392481.292969, n_iters: 10, n_calls: 20, flag: 1
call	runtime	Ne	ll
0	367.979	30000.0	-14378923789.580437
1	725.989	31500.0	-14418425516.164722
2	1074.011	28500.0	-14343832963.595524
3	1425.296	27000.0	-14313747025.297338
4	1776.027	24000.0	-14270923724.003742
5	2129.492	21000.0	-14256473418.7579
6	2490.322	15000.0	-14353040076.99607
7	2849.028	18000.0	-14279261048.746122
8	3204.412	22500.0	-14259677151.180107
9	3562.558	19500.0	-14262503429.111553
10	3920.802	21750.0	-14257000426.673786
11	4276.421	20250.0	-14258235759.184288
12	4633.25	21375.0	-14256461463.418644
13	4991.874	21187.5	-14256392481.292969
14	5345.886	21281.25	-14256407763.848288
15	5700.412	21093.75	-14256411033.87218
16	6055.864	21234.375	-14256394311.979862
