#Ne_opt: 23109.375, f_opt: 3881955282.9789658, n_iters: 10, n_calls: 20, flag: 1
call	runtime	Ne	ll
0	74.539	30000.0	-3900818148.6821523
1	128.025	31500.0	-3908974562.633872
2	183.993	28500.0	-3893924974.7834535
3	238.75	27000.0	-3888433245.6384
4	296.099	24000.0	-3882327309.9578495
5	353.172	21000.0	-3884189654.00638
6	410.052	22500.0	-3882130660.8796697
7	465.16	23250.0	-3881965491.5326204
8	516.394	22875.0	-3881980033.5432553
9	574.071	23625.0	-3882082653.382102
10	632.396	23062.5	-3881956034.1667337
11	691.306	23156.25	-3881956613.336611
12	748.432	22968.75	-3881963816.070294
13	803.91	23109.375	-3881955282.9789658
14	859.261	23085.9375	-3881955397.789403
