#Ne_opt: 20437.5, f_opt: 23709397822.244003, n_iters: 10, n_calls: 20, flag: 1
call	runtime	Ne	ll
0	711.578	30000.0	-23961631871.412613
1	1414.782	31500.0	-24035249051.533024
2	2113.025	28500.0	-23895389053.79965
3	2816.926	27000.0	-23837455836.35772
4	3517.562	24000.0	-23750427306.554325
5	4230.324	21000.0	-23710538014.97042
6	4949.052	15000.0	-23839195710.228905
7	5659.75	18000.0	-23732520966.045162
8	6374.372	19500.0	-23712617446.67227
9	7087.417	22500.0	-23723805171.247562
10	7796.731	20250.0	-23709514840.86973
11	8507.067	20625.0	-23709531596.81016
12	9222.614	19875.0	-23710533022.208584
13	9924.007	20437.5	-23709397822.244003
14	10645.278	20343.75	-23709427443.43795
15	11347.394	20531.25	-23709433162.695213
16	12046.289	20390.625	-23709403819.851494
