#Ne_opt: 23367.1875, f_opt: 4772725752.630576, n_iters: 10, n_calls: 20, flag: 1
call	runtime	Ne	ll
0	115.477	30000.0	-4792396545.660301
1	213.133	31500.0	-4801277471.755831
2	320.339	28500.0	-4784949213.552967
3	426.633	27000.0	-4779093779.685154
4	545.263	24000.0	-4772940094.597498
5	661.895	21000.0	-4775896489.881372
6	764.126	22500.0	-4773126618.863557
7	876.174	25500.0	-4775017425.719877
8	982.564	23250.0	-4772731953.435762
9	1096.419	23625.0	-4772763156.99864
10	1203.86	22875.0	-4772851418.332344
11	1320.165	23437.5	-4772729039.121113
12	1428.811	23343.75	-4772725822.212566
13	1552.886	23390.625	-4772726268.369385
14	1674.429	23296.875	-4772727713.623262
15	1783.935	23367.1875	-4772725752.630576
