#Ne_opt: 21843.75, f_opt: 3146685839.811723, n_iters: 10, n_calls: 20, flag: 1
call	runtime	Ne	ll
0	69.102	30000.0	-3168376744.0405254
1	126.119	31500.0	-3176068850.757817
2	182.778	28500.0	-3161650705.9289927
3	240.121	27000.0	-3155997695.185334
4	300.361	24000.0	-3148434201.868686
5	360.142	21000.0	-3146998114.080355
6	420.145	15000.0	-3171296267.8733487
7	478.557	18000.0	-3153619054.768535
8	536.076	22500.0	-3146848025.195608
9	594.644	21750.0	-3146690933.82119
10	650.321	22125.0	-3146713439.6653333
11	706.414	21375.0	-3146784454.454668
12	762.105	21937.5	-3146687931.67243
13	819.182	21843.75	-3146685839.811723
14	875.557	21890.625	-3146685990.2081137
