#Ne_opt: 21093.75, f_opt: 19773938271.169693, n_iters: 9, n_calls: 20, flag: 1
call	runtime	Ne	ll
0	807.642	30000.0	-19947776268.269238
1	1610.144	31500.0	-20003526355.43536
2	2388.473	28500.0	-19898280597.252335
3	3040.837	27000.0	-19855770308.78481
4	3719.941	24000.0	-19795031625.81557
5	4417.047	21000.0	-19774001656.03509
6	5099.304	15000.0	-19907353205.87294
7	5810.887	18000.0	-19805034373.284267
8	6508.958	22500.0	-19778893734.972702
9	7220.617	19500.0	-19782014934.73696
10	7936.77	21750.0	-19774943646.63873
11	8664.494	20250.0	-19776257127.292953
12	9346.287	21375.0	-19774087113.008244
13	10008.259	20625.0	-19774711591.79825
14	10695.302	21187.5	-19773938584.522797
15	11374.797	21093.75	-19773938271.169693
16	12010.927	21140.625	-19773939067.02387
