#Ne_opt: 21187.5, f_opt: 9477481360.0649, n_iters: 10, n_calls: 20, flag: 1
call	runtime	Ne	ll
0	249.768	30000.0	-9558035009.396011
1	483.802	31500.0	-9584018084.405018
2	719.748	28500.0	-9534994762.626259
3	956.714	27000.0	-9515222036.981483
4	1190.108	24000.0	-9487061874.872717
5	1430.46	21000.0	-9477529176.48772
6	1668.045	15000.0	-9540922294.99499
7	1908.865	18000.0	-9492460655.094162
8	2143.15	22500.0	-9479658287.445633
9	2377.348	19500.0	-9481468986.179962
10	2609.72	21750.0	-9477888811.429562
11	2848.287	20250.0	-9478683748.526043
12	3082.416	21375.0	-9477526462.540554
13	3327.945	21187.5	-9477481360.0649
14	3561.574	21281.25	-9477492382.364994
15	3799.384	21093.75	-9477493510.66961
16	4034.062	21234.375	-9477483981.622406
