#Ne_opt: 21421.875, f_opt: 17094396077.714418, n_iters: 10, n_calls: 20, flag: 1
call	runtime	Ne	ll
0	487.685	30000.0	-17231716011.02419
1	940.273	31500.0	-17277519314.986023
2	1391.643	28500.0	-17191281690.241592
3	1859.242	27000.0	-17156840736.447256
4	2341.889	24000.0	-17108799569.649292
5	2805.666	21000.0	-17094846311.587795
6	3276.092	15000.0	-17217707733.343086
7	3741.449	18000.0	-17125634292.586662
8	4201.882	22500.0	-17096994844.345304
9	4659.451	19500.0	-17103793159.134869
10	5117.133	21750.0	-17094630145.322422
11	5586.876	21375.0	-17094404402.899748
12	6053.289	21562.5	-17094434502.338223
13	6516.145	21187.5	-17094539835.727058
14	6975.064	21468.75	-17094398363.449741
15	7446.096	21421.875	-17094396077.714418
