#Ne_opt: 20109.375, f_opt: 9519945559.288511, n_iters: 10, n_calls: 20, flag: 1
call	runtime	Ne	ll
0	141.423	30000.0	-9631233223.796452
1	272.173	31500.0	-9662465667.332214
2	407.913	28500.0	-9603013720.776545
3	543.943	27000.0	-9578147196.993214
4	675.468	24000.0	-9540096287.58267
5	808.888	21000.0	-9521104839.123428
6	944.476	15000.0	-9567399766.244846
7	1083.534	18000.0	-9527127271.396126
8	1221.367	19500.0	-9520511752.57869
9	1354.271	20250.0	-9519975482.764503
10	1499.007	19875.0	-9520028546.342392
11	1652.254	20625.0	-9520339551.798042
12	1785.171	20062.5	-9519947943.656395
13	1930.663	20156.25	-9519949631.907541
14	2068.655	19968.75	-9519975760.382729
15	2200.902	20109.375	-9519945559.288511
