#Ne_opt: 20859.375, f_opt: 19669007562.32141, n_iters: 10, n_calls: 20, flag: 1
call	runtime	Ne	ll
0	584.275	30000.0	-19854768743.826332
1	1148.54	31500.0	-19912142383.27716
2	1708.378	28500.0	-19803548653.838196
3	2266.86	27000.0	-19759225808.687874
4	2843.009	24000.0	-19694548169.857674
5	3431.078	21000.0	-19669060363.89499
6	4025.53	15000.0	-19791354994.490128
7	4607.873	18000.0	-19694998707.772167
8	5194.956	22500.0	-19676253256.170322
9	5783.691	19500.0	-19674619159.047802
10	6362.965	20250.0	-19670118368.29445
11	6932.156	21750.0	-19671172592.076256
12	7510.236	20625.0	-19669177282.723145
13	8081.478	21375.0	-19669733513.939915
14	8654.729	20812.5	-19669012855.115868
15	9245.284	20906.25	-19669008235.62564
16	9840.795	20859.375	-19669007562.32141
