#Ne_opt: 19781.25, f_opt: 30796000448.437733, n_iters: 10, n_calls: 20, flag: 1
call	runtime	Ne	ll
0	1381.025	30000.0	-31181845012.961708
1	2722.529	31500.0	-31285740749.743305
2	4063.303	28500.0	-31087203144.03201
3	5435.79	27000.0	-31003356623.985672
4	6778.498	24000.0	-30872828205.031937
5	8141.344	21000.0	-30802952413.787308
6	9507.8	15000.0	-30931817059.736977
7	10859.522	18000.0	-30812834466.81569
8	12224.48	19500.0	-30796417599.4904
9	13571.709	20250.0	-30797036882.505096
10	14945.587	18750.0	-30801536734.672787
11	16290.502	19875.0	-30796039101.042007
12	17660.578	19687.5	-30796054091.72284
13	19043.524	20062.5	-30796362571.957863
14	20429.228	19781.25	-30796000448.437733
15	21838.548	19828.125	-30796007045.714188
