#Ne_opt: 21046.875, f_opt: 26694339688.172337, n_iters: 10, n_calls: 20, flag: 1
call	runtime	Ne	ll
0	874.22	30000.0	-26935584982.73142
1	1739.712	31500.0	-27012047130.859592
2	2607.789	28500.0	-26867523258.03457
3	3462.046	27000.0	-26808957973.963852
4	4364.23	24000.0	-26724756513.24066
5	5249.76	21000.0	-26694357529.955933
6	6138.498	15000.0	-26871289798.96952
7	7039.577	18000.0	-26734542457.274124
8	7913.981	22500.0	-26701936848.670403
9	8782.946	19500.0	-26704287247.46395
10	9647.796	21750.0	-26696111887.957447
11	10502.878	20250.0	-26696962768.988262
12	11372.45	21375.0	-26694708410.651184
13	12240.666	20625.0	-26695095832.129566
14	13126.08	21187.5	-26694395921.69183
15	14017.302	20812.5	-26694586548.495224
16	14910.638	21093.75	-26694341987.095657
17	15788.356	21046.875	-26694339688.172337
