#Ne_opt: 20578.125, f_opt: 26008621155.95398, n_iters: 10, n_calls: 20, flag: 1
call	runtime	Ne	ll
0	1006.07	30000.0	-26272637331.630287
1	1985.522	31500.0	-26351071147.255188
2	2953.802	28500.0	-26202186073.030895
3	3933.982	27000.0	-26140790808.24272
4	4930.722	24000.0	-26049389850.614136
5	5933.11	21000.0	-26009307222.072197
6	6938.39	15000.0	-26156178769.145958
7	7949.635	18000.0	-26036613767.11657
8	8959.895	19500.0	-26013254843.72061
9	9948.741	22500.0	-26022076043.3489
10	10919.618	20250.0	-26009030583.512756
11	11892.2	20625.0	-26008630839.89533
12	12857.445	20437.5	-26008696709.064484
13	13835.368	20812.5	-26008835986.804104
14	14820.459	20531.25	-26008628163.384655
15	15794.457	20578.125	-26008621155.95398
