#Ne_opt: 20062.5, f_opt: 15959430627.422188, n_iters: 10, n_calls: 20, flag: 1
call	runtime	Ne	ll
0	460.59	30000.0	-16143617272.573069
1	903.142	31500.0	-16194979663.24155
2	1348.108	28500.0	-16097162152.793161
3	1796.944	27000.0	-16056180867.609081
4	2254.06	24000.0	-15993268903.896399
5	2718.442	21000.0	-15961529724.868996
6	3198.378	15000.0	-16036054750.414307
7	3668.62	18000.0	-15970733470.61649
8	4136.89	19500.0	-15960230197.018532
9	4599.164	20250.0	-15959514998.425224
10	5058.196	19875.0	-15959519191.9766
11	5523.218	20625.0	-15960194136.40131
12	5990.301	20062.5	-15959430627.422188
13	6465.263	20156.25	-15959451224.692713
14	6928.91	19968.75	-15959452084.755848
15	7394.693	20109.375	-15959434478.965614
