#Ne_opt: 20109.375, f_opt: 7744214098.248207, n_iters: 10, n_calls: 20, flag: 1
call	runtime	Ne	ll
0	208.242	30000.0	-7831320879.7386
1	406.16	31500.0	-7855632812.760454
2	602.93	28500.0	-7809317646.454674
3	800.852	27000.0	-7789912200.45815
4	1003.518	24000.0	-7760141679.266303
5	1209.228	21000.0	-7745175030.483326
6	1408.79	15000.0	-7780919562.713148
7	1610.29	18000.0	-7749683985.1693325
8	1813.072	19500.0	-7744620035.072262
9	2012.07	20250.0	-7744246913.951014
10	2211.628	19875.0	-7744265756.030261
11	2412.578	20625.0	-7744554729.423075
12	2610.713	20062.5	-7744215303.822046
13	2815.183	20156.25	-7744220805.960312
14	3017.462	19968.75	-7744228590.535284
15	3221.37	20109.375	-7744214098.248207
