#Ne_opt: 19921.875, f_opt: 10565434620.202028, n_iters: 10, n_calls: 20, flag: 1
call	runtime	Ne	ll
0	552.683	30000.0	-10694061172.35312
1	1060.345	31500.0	-10729293125.355038
2	1565.165	28500.0	-10662137138.529945
3	1972.137	27000.0	-10633884299.838612
4	2446.88	24000.0	-10590167401.571285
5	2880.552	21000.0	-10567358537.880785
6	3436.476	15000.0	-10614205001.957045
7	3870.792	18000.0	-10571990205.49077
8	4269.127	19500.0	-10565721239.893032
9	4681.757	20250.0	-10565626003.747467
10	5077.864	19875.0	-10565436496.529427
11	5594.905	20062.5	-10565473093.6871
12	6098.647	19687.5	-10565518447.16901
13	6517.235	19968.75	-10565440109.55178
14	6916.984	19781.25	-10565462508.103954
15	7310.258	19921.875	-10565434620.202028
