#Ne_opt: 24328.125, f_opt: 19311759480.111473, n_iters: 10, n_calls: 20, flag: 1
call	runtime	Ne	ll
0	407.982	30000.0	-19371168325.894157
1	794.498	31500.0	-19403653428.497322
2	1178.274	28500.0	-19345004734.133415
3	1561.065	27000.0	-19325866866.356575
4	1943.56	24000.0	-19312006282.766136
5	2329.492	21000.0	-19337991397.71558
6	2714.589	25500.0	-19314551626.240414
7	3098.606	22500.0	-19319363299.72392
8	3499.422	24750.0	-19312117160.193504
9	3914.006	23250.0	-19314367221.02509
10	4327.577	24375.0	-19311762416.061447
11	4736.347	24187.5	-19311808732.319656
12	5145.436	24562.5	-19311865906.63554
13	5570.497	24281.25	-19311766634.360912
14	6017.693	24468.75	-19311795884.347862
15	6479.437	24328.125	-19311759480.111473
16	6959.791	24351.5625	-19311759714.397232
