#Ne_opt: 23437.5, f_opt: 12387405501.933393, n_iters: 10, n_calls: 20, flag: 1
call	runtime	Ne	ll
0	181.176	30000.0	-12440520657.084332
1	346.191	31500.0	-12464921187.799381
2	511.797	28500.0	-12420139454.023169
3	678.201	27000.0	-12404213608.291462
4	847.756	24000.0	-12387852494.31691
5	1013.822	21000.0	-12396773581.799915
6	1179.944	22500.0	-12388738091.19534
7	1346.171	25500.0	-12393250378.681618
8	1511.685	23250.0	-12387459538.405636
9	1673.139	23625.0	-12387453717.692997
10	1831.811	23437.5	-12387405501.933393
11	1990.378	23531.25	-12387417031.335873
12	2148.105	23343.75	-12387419599.8998
13	2313.049	23484.375	-12387407837.745682
14	2471.664	23390.625	-12387409195.508736
15	2631.061	23460.9375	-12387405738.515005
