#Ne_opt: 22617.1875, f_opt: 33076470054.622204, n_iters: 10, n_calls: 20, flag: 1
call	runtime	Ne	ll
0	1404.957	30000.0	-33264647959.420807
1	2782.494	31500.0	-33339615136.655
2	4160.393	28500.0	-33200273325.96128
3	5558.791	27000.0	-33147803732.706596
4	6928.787	24000.0	-33084177661.515503
5	8292.781	21000.0	-33087945527.272633
6	9665.948	22500.0	-33076526839.519913
7	11117.135	23250.0	-33078123762.29004
8	12568.571	21750.0	-33079691560.73468
9	14182.986	22875.0	-33076750052.982864
10	16584.533	22125.0	-33077492651.153755
11	19276.174	22687.5	-33076491495.632042
12	21873.127	22593.75	-33076472075.942375
13	24346.496	22640.625	-33076472898.677284
14	26767.154	22546.875	-33076490935.665943
15	29323.795	22617.1875	-33076470054.622204
