#Ne_opt: 24140.625, f_opt: 11409435994.06231, n_iters: 10, n_calls: 20, flag: 1
call	runtime	Ne	ll
0	106.168	30000.0	-11447296275.615013
1	206.602	31500.0	-11467210789.95863
2	307.679	28500.0	-11431124089.440838
3	411.098	27000.0	-11419098198.294632
4	512.084	24000.0	-11409464256.693298
5	613.776	21000.0	-11423354546.478392
6	714.952	25500.0	-11411691807.195946
7	817.226	22500.0	-11413083054.970425
8	918.41	24750.0	-11409891809.971136
9	1019.888	23250.0	-11410496125.77146
10	1120.199	24375.0	-11409501229.448696
11	1221.228	23625.0	-11409792008.165245
12	1323.143	24187.5	-11409437856.980543
13	1423.428	24093.75	-11409439753.246702
14	1523.644	24281.25	-11409458412.477528
15	1625.449	24140.625	-11409435994.06231
16	1726.677	24164.0625	-11409436229.353565
