#Ne_opt: 26707.03125, f_opt: 5492034880.991858, n_iters: 10, n_calls: 20, flag: 1
call	runtime	Ne	ll
0	35.49	30000.0	-5497163527.401908
1	68.389	31500.0	-5502550538.3429365
2	100.501	28500.0	-5493606832.38489
3	132.041	27000.0	-5492077732.973594
4	163.564	24000.0	-5496071179.355467
5	195.509	25500.0	-5492807944.52968
6	227.972	26250.0	-5492144422.472406
7	261.048	27750.0	-5492575269.583667
8	294.612	26625.0	-5492038565.345129
9	327.746	26812.5	-5492040273.703166
10	359.999	26437.5	-5492073111.777824
11	392.702	26718.75	-5492034919.538006
12	424.543	26671.875	-5492035613.104479
13	456.258	26765.625	-5492036475.53174
14	486.703	26695.3125	-5492034984.017363
15	517.939	26742.1875	-5492035416.7471285
16	549.559	26707.03125	-5492034880.991858
