#Ne_opt: 23578.125, f_opt: 25607492576.541527, n_iters: 10, n_calls: 20, flag: 1
call	runtime	Ne	ll
0	857.814	30000.0	-25712467599.427353
1	1725.507	31500.0	-25761879578.10765
2	2649.922	28500.0	-25671366034.53693
3	3601.286	27000.0	-25639525451.044174
4	4422.585	24000.0	-25608019077.62761
5	5215.811	21000.0	-25629017312.113136
6	5971.443	22500.0	-25611091248.330315
7	6736.444	25500.0	-25617994180.37391
8	7494.344	23250.0	-25607819257.37319
9	8256.627	23625.0	-25607499249.314686
10	9019.286	23437.5	-25607553651.285927
11	9763.989	23812.5	-25607655575.529785
12	10565.003	23531.25	-25607502180.39865
13	11379.131	23718.75	-25607551723.99901
14	12160.715	23578.125	-25607492576.541527
15	12988.09	23601.5625	-25607495872.870518
