#Ne_opt: 23109.375, f_opt: 17875350457.671295, n_iters: 10, n_calls: 20, flag: 1
call	runtime	Ne	ll
0	364.512	30000.0	-17960894955.20998
1	710.064	31500.0	-17997998822.780514
2	1056.838	28500.0	-17929548560.789017
3	1406.611	27000.0	-17904607415.91594
4	1753.868	24000.0	-17876981938.069443
5	2104.028	21000.0	-17885683764.606564
6	2457.782	22500.0	-17876194197.089947
7	2805.476	23250.0	-17875387013.54783
8	3155.722	22875.0	-17875479718.897373
9	3506.765	23625.0	-17875893807.037437
10	3856.558	23062.5	-17875356662.048256
11	4206.399	23156.25	-17875353947.69469
12	4562.13	23109.375	-17875350457.671295
13	4917.157	23132.8125	-17875351141.15857
