#Ne_opt: 24117.1875, f_opt: 4758205631.796025, n_iters: 10, n_calls: 20, flag: 1
call	runtime	Ne	ll
0	43.356	30000.0	-4774276626.044823
1	82.836	31500.0	-4782662876.601286
2	123.114	28500.0	-4767454795.48251
3	163.045	27000.0	-4762365334.037807
4	203.593	24000.0	-4758212079.028134
5	244.24	21000.0	-4763895643.4287195
6	283.973	25500.0	-4759206086.326857
7	324.573	22500.0	-4759663171.819006
8	364.925	24750.0	-4758422091.783251
9	405.232	23250.0	-4758612547.877751
10	445.646	24375.0	-4758243132.425653
11	486.193	23625.0	-4758333606.309557
12	525.822	24187.5	-4758208842.942623
13	567.015	24093.75	-4758205729.232013
14	607.106	24140.625	-4758206113.975963
15	647.046	24046.875	-4758207710.779556
16	686.298	24117.1875	-4758205631.796025
