#Ne_opt: 23742.1875, f_opt: 16499839158.760448, n_iters: 10, n_calls: 20, flag: 1
call	runtime	Ne	ll
0	312.817	30000.0	-16563943845.204592
1	617.124	31500.0	-16595026635.722965
2	913.457	28500.0	-16538239907.333307
3	1211.181	27000.0	-16518535548.491179
4	1506.301	24000.0	-16499969647.127562
5	1800.506	21000.0	-16515421603.01399
6	2102.452	22500.0	-16502884442.188654
7	2403.198	25500.0	-16505509290.2626
8	2700.186	23250.0	-16500301698.125198
9	2996.236	24750.0	-16501747194.390162
10	3295.446	23625.0	-16499864106.761238
11	3597.817	23812.5	-16499849787.755266
12	3900.339	23718.75	-16499840270.38956
13	4198.218	23765.625	-16499840842.248798
14	4492.914	23671.875	-16499847347.427326
15	4795.128	23742.1875	-16499839158.760448
