#Ne_opt: 22921.875, f_opt: 29720300843.094635, n_iters: 10, n_calls: 20, flag: 1
call	runtime	Ne	ll
0	1451.545	30000.0	-29872858859.65412
1	2871.533	31500.0	-29936522933.816555
2	4299.281	28500.0	-29818598195.535233
3	5731.042	27000.0	-29774966309.400936
4	7155.592	24000.0	-29724550145.654633
5	8618.765	21000.0	-29734270291.397278
6	10084.236	22500.0	-29720897976.465385
7	11503.801	23250.0	-29720734300.022194
8	12929.401	22875.0	-29720302479.585754
9	14361.871	23062.5	-29720392826.053978
10	15793.24	22687.5	-29720469650.38067
11	17220.202	22968.75	-29720316189.038128
12	18660.37	22781.25	-29720354053.698967
13	20132.367	22921.875	-29720300843.094635
14	21618.063	22898.4375	-29720300917.210987
