#Ne_opt: 24070.3125, f_opt: 19024282766.33201, n_iters: 10, n_calls: 20, flag: 1
call	runtime	Ne	ll
0	478.626	30000.0	-19088381030.101097
1	897.779	31500.0	-19121654000.61874
2	1321.292	28500.0	-19061266033.14125
3	1741.571	27000.0	-19041004370.81698
4	2165.162	24000.0	-19024298037.282078
5	2588.646	21000.0	-19046459821.64155
6	3008.555	25500.0	-19028374291.36548
7	3431.759	22500.0	-19029880045.80445
8	3856.015	24750.0	-19025202945.232613
9	4280.95	23250.0	-19025803769.11314
10	4712.557	24375.0	-19024458660.29689
11	5132.608	23625.0	-19024739881.286377
12	5610.995	24187.5	-19024304515.654037
13	6126.877	23812.5	-19024442840.663765
14	6618.011	24093.75	-19024283034.834923
15	7100.918	24046.875	-19024285523.628
16	7664.275	24140.625	-19024289401.66124
17	8252.265	24070.3125	-19024282766.33201
