#Ne_opt: 23765.625, f_opt: 22099683932.713257, n_iters: 10, n_calls: 20, flag: 1
call	runtime	Ne	ll
0	849.686	30000.0	-22185229359.530823
1	1673.65	31500.0	-22226962218.408504
2	2486.483	28500.0	-22150772468.74819
3	3319.147	27000.0	-22124411741.66951
4	4192.984	24000.0	-22099821759.727226
5	5054.003	21000.0	-22121137099.363743
6	5930.217	22500.0	-22103987981.250603
7	6805.843	25500.0	-22107064596.37066
8	7687.609	23250.0	-22100386425.88977
9	8559.533	24750.0	-22102105065.98466
10	9391.342	23625.0	-22099737351.57908
11	10223.392	23812.5	-22099688754.52977
12	11071.473	23718.75	-22099690461.244392
13	11934.163	23906.25	-22099734495.288364
14	12821.923	23765.625	-22099683932.713257
15	13716.642	23789.0625	-22099686566.86077
