#Ne_opt: 24609.375, f_opt: 24886001436.60774, n_iters: 10, n_calls: 20, flag: 1
call	runtime	Ne	ll
0	770.455	30000.0	-24953743244.013855
1	1484.541	31500.0	-24993091587.43408
2	2215.442	28500.0	-24922493582.32823
3	2965.3	27000.0	-24900248943.4292
4	3713.989	24000.0	-24887042674.605118
5	4460.494	21000.0	-24924904801.640045
6	5203.234	25500.0	-24888028529.793816
7	5935.209	22500.0	-24898749322.454185
8	6675.255	24750.0	-24886049066.71016
9	7403.574	24375.0	-24886162248.582108
10	8137.247	25125.0	-24886677653.715668
11	8853.151	24562.5	-24886009021.0541
12	9550.371	24656.25	-24886005972.809574
13	10279.466	24609.375	-24886001436.60774
14	11006.542	24632.8125	-24886004301.72207
