#Ne_opt: 24726.5625, f_opt: 6983528269.154672, n_iters: 10, n_calls: 20, flag: 1
call	runtime	Ne	ll
0	172.403	30000.0	-7001482132.993205
1	324.55	31500.0	-7012150963.030407
2	477.426	28500.0	-6993056913.767673
3	634.188	27000.0	-6987122726.644002
4	787.144	24000.0	-6983918338.934612
5	947.169	21000.0	-6994860861.520184
6	1106.171	25500.0	-6983964321.612111
7	1262.694	22500.0	-6987387295.706696
8	1418.329	24750.0	-6983528852.759401
9	1583.959	24375.0	-6983617321.854734
10	1739.808	25125.0	-6983646566.088277
11	1889.733	24562.5	-6983546893.944975
12	2034.555	24937.5	-6983562337.812606
13	2180.263	24656.25	-6983531384.504137
14	2341.019	24843.75	-6983539190.386395
15	2499.91	24703.125	-6983528498.203194
16	2647.53	24726.5625	-6983528269.154672
