#Ne_opt: 23976.5625, f_opt: 11521778056.544594, n_iters: 10, n_calls: 20, flag: 1
call	runtime	Ne	ll
0	143.067	30000.0	-11563142193.23686
1	273.53	31500.0	-11584154755.988531
2	405.126	28500.0	-11545943377.351349
3	535.847	27000.0	-11532979350.179005
4	668.345	24000.0	-11521778554.895056
5	801.812	21000.0	-11534607693.084557
6	932.758	25500.0	-11524734147.47237
7	1063.032	22500.0	-11524793881.036121
8	1194.061	24750.0	-11522556269.676018
9	1325.056	23250.0	-11522491567.674828
10	1454.459	23625.0	-11521942966.226986
11	1586.378	24375.0	-11521986812.229366
12	1717.617	23812.5	-11521814523.285988
13	1848.037	24187.5	-11521837397.024628
14	1978.4	23906.25	-11521785332.12362
15	2110.127	24093.75	-11521797237.028917
16	2241.431	23953.125	-11521778491.778633
17	2374.772	23976.5625	-11521778056.544594
