#Ne_opt: 24093.75, f_opt: 14561084735.811169, n_iters: 10, n_calls: 20, flag: 1
call	runtime	Ne	ll
0	317.036	30000.0	-14610142282.2558
1	655.962	31500.0	-14635717664.653347
2	972.254	28500.0	-14589331563.564404
3	1282.214	27000.0	-14573801561.051367
4	1591.889	24000.0	-14561102232.118591
5	1898.555	21000.0	-14578360319.769207
6	2205.763	25500.0	-14564154448.145319
7	2518.168	22500.0	-14565495096.361998
8	2871.894	24750.0	-14561754661.683077
9	3216.874	23250.0	-14562308427.590206
10	3580.337	24375.0	-14561203313.822422
11	3956.993	23625.0	-14561465709.240496
12	4312.513	24187.5	-14561095709.312695
13	4656.798	24093.75	-14561084735.811169
14	5000.97	24140.625	-14561086796.306755
15	5371.949	24046.875	-14561089809.083672
16	5753.953	24117.1875	-14561084821.278803
