#Ne_opt: 23648.4375, f_opt: 28226311890.247017, n_iters: 10, n_calls: 20, flag: 1
call	runtime	Ne	ll
0	1030.111	30000.0	-28338985629.798515
1	2045.843	31500.0	-28392613815.098755
2	3081.891	28500.0	-28294468152.307457
3	4132.615	27000.0	-28260119131.47823
4	5193.18	24000.0	-28226733511.630463
5	6384.885	21000.0	-28250983190.246918
6	7554.206	22500.0	-28230705377.86671
7	8778.838	25500.0	-28237084382.479378
8	10040.016	23250.0	-28226813315.99363
9	11374.151	24750.0	-28230227535.98685
10	12703.671	23625.0	-28226312369.193604
11	14042.051	23812.5	-28226409016.9
12	15353.496	23437.5	-28226446182.10633
13	16761.961	23718.75	-28226332376.106655
14	18204.579	23531.25	-28226352669.73487
15	19863.03	23671.875	-28226314678.46585
16	21554.331	23578.125	-28226323927.139904
17	23482.031	23648.4375	-28226311890.247017
