#Ne_opt: 24023.4375, f_opt: 21920767582.834908, n_iters: 10, n_calls: 20, flag: 1
call	runtime	Ne	ll
0	590.664	30000.0	-21997122728.314663
1	1157.149	31500.0	-22036250713.408245
2	1719.193	28500.0	-21965144881.444065
3	2281.306	27000.0	-21941130763.291954
4	2849.003	24000.0	-21920768645.474377
5	3415.82	21000.0	-21945555471.79518
6	3986.113	25500.0	-21925981600.173023
7	4555.463	22500.0	-21926775351.54953
8	5128.83	24750.0	-21922059270.08705
9	5735.623	23250.0	-21922278926.455505
10	6355.101	24375.0	-21921074834.664845
11	7002.357	23625.0	-21921162549.090538
12	7641.668	24187.5	-21920836868.27746
13	8290.439	23812.5	-21920876811.878395
14	8945.999	24093.75	-21920781811.73014
15	9596.706	23906.25	-21920802016.93424
16	10311.753	24046.875	-21920768855.657257
17	11049.532	23953.125	-21920778912.28608
18	11807.586	24023.4375	-21920767582.834908
