#Ne_opt: 23648.4375, f_opt: 8768378370.478497, n_iters: 10, n_calls: 20, flag: 1
call	runtime	Ne	ll
0	79.809	30000.0	-8803560958.723398
1	154.375	31500.0	-8820326525.218895
2	228.481	28500.0	-8789659258.443722
3	303.413	27000.0	-8778930781.898203
4	377.846	24000.0	-8768508554.782574
5	452.598	21000.0	-8776096043.533913
6	526.179	22500.0	-8769755610.737547
7	599.99	25500.0	-8771737575.885628
8	674.23	23250.0	-8768536750.443064
9	748.855	24750.0	-8769597782.018873
10	823.009	23625.0	-8768378571.69528
11	898.111	23812.5	-8768408157.469957
12	972.133	23437.5	-8768421149.016811
13	1046.823	23718.75	-8768384473.42908
14	1121.917	23531.25	-8768390851.715126
15	1195.235	23671.875	-8768379236.818071
16	1268.387	23578.125	-8768382390.43604
17	1341.774	23648.4375	-8768378370.478497
