#Ne_opt: 23929.6875, f_opt: 11053222572.207954, n_iters: 10, n_calls: 20, flag: 1
call	runtime	Ne	ll
0	192.493	30000.0	-11092921043.088717
1	368.135	31500.0	-11112888804.665916
2	544.553	28500.0	-11076547073.090622
3	720.878	27000.0	-11064157075.665724
4	899.208	24000.0	-11053229490.397306
5	1078.687	21000.0	-11064909778.16616
6	1255.516	25500.0	-11056205346.402782
7	1434.767	22500.0	-11055872189.457571
8	1613.159	23250.0	-11053803338.92963
9	1790.992	24750.0	-11054058327.316633
10	1966.719	23625.0	-11053335576.477299
11	2144.315	24375.0	-11053474059.598904
12	2325.348	23812.5	-11053238214.632275
13	2503.233	24187.5	-11053308730.533073
14	2679.279	23906.25	-11053222923.056705
15	2857.559	23953.125	-11053223350.782452
16	3035.535	23859.375	-11053227727.470871
17	3212.745	23929.6875	-11053222572.207954
