#Ne_opt: 22546.875, f_opt: 9544174750.57986, n_iters: 10, n_calls: 20, flag: 1
call	runtime	Ne	ll
0	251.067	30000.0	-9599379712.064182
1	479.809	31500.0	-9621093794.665562
2	689.947	28500.0	-9580699430.89894
3	911.768	27000.0	-9565418593.855526
4	1118.284	24000.0	-9546655062.806458
5	1330.152	21000.0	-9547151206.962582
6	1553.244	22500.0	-9544176503.14256
7	1771.492	23250.0	-9544778924.417877
8	1987.239	21750.0	-9544935258.525738
9	2195.066	22875.0	-9544312399.338627
10	2404.561	22125.0	-9544379982.178387
11	2612.943	22687.5	-9544202382.495586
12	2840.421	22312.5	-9544233458.531202
13	3068.903	22593.75	-9544178937.274303
14	3297.193	22406.25	-9544195382.924305
15	3521.27	22546.875	-9544174750.57986
16	3747.269	22523.4375	-9544176431.593422
