#Ne_opt: 36070.3125, f_opt: 29692245037.493057, n_iters: 10, n_calls: 20, flag: 1
call	runtime	Ne	ll
0	9909.91	30000.0	-29742790172.239098
1	19270.478	31500.0	-29720024099.95727
2	28433.086	33000.0	-29704413399.062035
3	37753.326	34500.0	-29695347815.19848
4	50078.576	37500.0	-29694607673.156612
5	62418.393	40500.0	-29713925344.653954
6	75862.882	36000.0	-29692252200.768192
7	89418.737	36750.0	-29692775844.41046
8	103010.32	35250.0	-29693089899.352325
9	117325.146	36375.0	-29692347158.41501
10	131994.896	35625.0	-29692497758.815285
11	146025.104	36187.5	-29692259201.172707
12	160219.008	35812.5	-29692332531.633194
13	174366.76	36093.75	-29692246261.24306
14	188948.345	36046.875	-29692246087.97326
15	202992.585	36070.3125	-29692245037.493057
