#Ne_opt: 36257.8125, f_opt: 25614736009.646027, n_iters: 10, n_calls: 20, flag: 1
call	runtime	Ne	ll
0	4722.018	30000.0	-25662939054.73706
1	8885.155	31500.0	-25641737514.856697
2	12984.286	33000.0	-25627027089.295654
3	17056.27	34500.0	-25618227615.387577
4	21077.463	37500.0	-25616335208.359932
5	25008.662	40500.0	-25632613092.13733
6	29027.601	36000.0	-25614814657.612595
7	33039.735	36750.0	-25614983754.156013
8	37057.203	35250.0	-25615877959.086037
9	41076.394	36375.0	-25614748083.551243
10	45083.799	36187.5	-25614744844.66031
11	49098.918	36281.25	-25614736215.115593
12	53089.229	36234.375	-25614738657.879677
13	57111.186	36328.125	-25614740665.865726
14	61140.287	36257.8125	-25614736009.646027
