#Ne_opt: 36070.3125, f_opt: 28587449757.898613, n_iters: 10, n_calls: 20, flag: 1
call	runtime	Ne	ll
0	4275.71	30000.0	-28640114331.90412
1	8093.174	31500.0	-28616372678.70614
2	11848.752	33000.0	-28600112572.949066
3	15497.961	34500.0	-28590675293.711494
4	19122.286	37500.0	-28589932401.212875
5	22711.385	40500.0	-28610172307.2962
6	26524.146	36000.0	-28587457230.159176
7	30172.107	36750.0	-28588012361.87549
8	33771.372	35250.0	-28588324329.739693
9	37405.514	36375.0	-28587560486.524406
10	41065.755	35625.0	-28587709662.61768
11	44682.535	36187.5	-28587466054.230354
12	48312.938	35812.5	-28587539167.43477
13	51943.017	36093.75	-28587451039.377632
14	55585.698	36046.875	-28587451098.946095
15	59156.758	36140.625	-28587455867.44948
16	62759.254	36070.3125	-28587449757.898613
