#Ne_opt: 34593.75, f_opt: 11394139966.200472, n_iters: 10, n_calls: 20, flag: 1
call	runtime	Ne	ll
0	1542.726	30000.0	-11406751859.270452
1	2723.986	31500.0	-11399667286.93693
2	3942.776	33000.0	-11395556978.32191
3	5094.281	34500.0	-11394144325.555298
4	6180.752	37500.0	-11398499240.792696
5	7313.655	36000.0	-11395194122.118656
6	8459.214	35250.0	-11394374848.889072
7	9658.242	33750.0	-11394529252.006704
8	10705.681	34875.0	-11394184427.47684
9	11709.396	34125.0	-11394257469.120985
10	12756.822	34687.5	-11394145499.976803
11	13813.609	34312.5	-11394181496.787197
12	14818.885	34593.75	-11394139966.200472
13	15853.211	34546.875	-11394140857.36359
14	16848.224	34640.625	-11394141489.839619
15	17877.413	34570.3125	-11394140403.843971
16	18975.355	34617.1875	-11394140303.811459
17	20007.541	34605.46875	-11394140136.450325
