#Ne_opt: 37195.3125, f_opt: 19006936594.05789, n_iters: 10, n_calls: 20, flag: 1
call	runtime	Ne	ll
0	3692.863	30000.0	-19052207713.849823
1	6625.961	31500.0	-19034376753.647614
2	9546.234	33000.0	-19021351950.54695
3	12555.535	34500.0	-19012699022.58437
4	15201.938	37500.0	-19007009290.336216
5	17941.784	40500.0	-19014752549.076084
6	20676.18	36000.0	-19008031699.34637
7	23649.433	39000.0	-19009336701.447773
8	27636.946	36750.0	-19007084080.151443
9	31422.796	38250.0	-19007771590.02368
10	34227.995	37125.0	-19006940106.217117
11	36916.369	37312.5	-19006948058.645325
12	39589.32	36937.5	-19006984845.628845
13	42258.256	37218.75	-19006937554.398018
14	44974.306	37171.875	-19006936923.284737
15	47668.124	37195.3125	-19006936594.05789
