#Ne_opt: 32583.984375, f_opt: 6985985535.058451, n_iters: 10, n_calls: 20, flag: 1
call	runtime	Ne	ll
0	837.901	30000.0	-6988630546.890787
1	1601.925	31500.0	-6986434522.076003
2	2252.643	33000.0	-6986050700.847819
3	2901.191	34500.0	-6987312351.110524
4	3534.426	32250.0	-6986027074.5075035
5	4265.744	32625.0	-6985986309.330673
6	5072.743	32437.5	-6985993314.190041
7	5814.595	32812.5	-6986005551.786526
8	6528.659	32531.25	-6985986461.531196
9	7268.379	32718.75	-6985992688.273148
10	7983.339	32578.125	-6985985545.523333
11	8751.199	32601.5625	-6985985664.370639
12	9558.806	32554.6875	-6985985791.8983345
13	10297.879	32589.84375	-6985985575.935709
14	11097.954	32566.40625	-6985985599.267775
15	11895.004	32583.984375	-6985985535.058451
