#Ne_opt: 37265.625, f_opt: 28228900271.362312, n_iters: 10, n_calls: 20, flag: 1
call	runtime	Ne	ll
0	8194.303	30000.0	-28297026077.283806
1	15786.939	31500.0	-28270465483.37647
2	23767.797	33000.0	-28250971795.524704
3	30229.461	34500.0	-28237921728.839634
4	37659.597	37500.0	-28228955003.913177
5	44547.762	40500.0	-28239792519.268887
6	50062.412	36000.0	-28230751879.299416
7	55488.214	39000.0	-28232096620.44836
8	61098.394	36750.0	-28229210003.273994
9	66557.568	38250.0	-28229933799.275906
10	72074.074	37125.0	-28228925043.289295
11	77564.607	37312.5	-28228901536.35331
12	83076.911	37218.75	-28228903603.792786
13	88581.498	37406.25	-28228918022.266216
14	94586.664	37265.625	-28228900271.362312
15	100888.912	37289.0625	-28228900312.46057
