#Ne_opt: 38273.4375, f_opt: 24856272908.146454, n_iters: 10, n_calls: 20, flag: 1
call	runtime	Ne	ll
0	5328.311	30000.0	-24931070674.084114
1	10105.476	31500.0	-24904789077.355743
2	14679.852	33000.0	-24884754748.458344
3	19209.81	34500.0	-24870410236.551468
4	23710.051	37500.0	-24856827803.24442
5	28118.545	40500.0	-24860715125.71717
6	32576.192	39000.0	-24856763898.8814
7	37089.886	38250.0	-24856273553.398346
8	41523.013	38625.0	-24856390874.13597
9	45947.169	37875.0	-24856417616.739296
10	50814.272	38437.5	-24856299524.27658
11	55569.804	38062.5	-24856312246.334473
12	60145.765	38343.75	-24856278529.29649
13	64758.381	38156.25	-24856284497.811604
14	69446.422	38296.875	-24856273635.997658
15	74921.804	38203.125	-24856276983.90061
16	80040.544	38273.4375	-24856272908.146454
