#Ne_opt: 33316.40625, f_opt: 9533038932.938156, n_iters: 10, n_calls: 20, flag: 1
call	runtime	Ne	ll
0	2734.988	30000.0	-9538575486.31078
1	4917.856	31500.0	-9534660035.500107
2	7032.896	33000.0	-9533090804.421808
3	9108.354	34500.0	-9533654568.832088
4	11219.139	33750.0	-9533118554.682995
5	13390.469	32250.0	-9533595730.014133
6	15461.62	33375.0	-9533039615.604229
7	17593.307	33187.5	-9533048862.116459
8	19627.732	33562.5	-9533063258.357872
9	21767.721	33281.25	-9533040417.972164
10	23916.555	33468.75	-9533047175.681225
11	26117.357	33328.125	-9533038998.413818
12	28200.68	33351.5625	-9533039099.469187
13	30405.126	33304.6875	-9533039471.406467
14	32218.266	33339.84375	-9533039001.522205
15	33355.175	33316.40625	-9533038932.938156
