#Ne_opt: 35332.03125, f_opt: 17858970271.24157, n_iters: 10, n_calls: 20, flag: 1
call	runtime	Ne	ll
0	3479.459	30000.0	-17883601704.226143
1	6529.965	31500.0	-17871269700.480225
2	9379.34	33000.0	-17863374357.88128
3	12246.322	34500.0	-17859510134.143806
4	15259.031	37500.0	-17862484597.73806
5	18484.757	36000.0	-17859316668.058517
6	21462.658	35250.0	-17858975322.91848
7	24534.01	35625.0	-17859038636.982414
8	28156.774	34875.0	-17859130229.626484
9	32289.488	35437.5	-17858980126.382366
10	36246.404	35062.5	-17859025299.745605
11	40217.799	35343.75	-17858970815.32548
12	44510.283	35296.875	-17858971607.029007
13	49289.68	35390.625	-17858973636.80078
14	54039.546	35320.3125	-17858970870.74273
15	58768.204	35367.1875	-17858971730.542465
16	63525.527	35332.03125	-17858970271.24157
