#Ne_opt: 34605.46875, f_opt: 8763996782.547436, n_iters: 10, n_calls: 20, flag: 1
call	runtime	Ne	ll
0	1274.512	30000.0	-8773488609.625984
1	2319.584	31500.0	-8768170472.71772
2	3174.402	33000.0	-8765075946.899647
3	4022.443	34500.0	-8764001163.003971
4	4758.006	37500.0	-8767216447.068384
5	5520.602	36000.0	-8764766851.75511
6	6246.613	35250.0	-8764164221.20146
7	6957.748	33750.0	-8764297883.890118
8	7658.94	34875.0	-8764026502.288488
9	8398.913	34125.0	-8764090767.2333
10	9104.361	34687.5	-8763999619.699976
11	9842.781	34593.75	-8763996822.365349
12	10518.827	34640.625	-8763997330.515139
13	11237.432	34546.875	-8763998097.44196
14	11920.769	34617.1875	-8763996853.897972
15	12615.489	34570.3125	-8763997237.168724
16	13273.894	34605.46875	-8763996782.547436
