#Ne_opt: 37546.875, f_opt: 11039706327.922405, n_iters: 10, n_calls: 20, flag: 1
call	runtime	Ne	ll
0	3270.512	30000.0	-11067962882.575085
1	5896.896	31500.0	-11057251498.065636
2	8483.518	33000.0	-11049307895.388885
3	11084.003	34500.0	-11043879439.547253
4	13692.024	37500.0	-11039706933.506401
5	16246.934	40500.0	-11043257819.908693
6	18811.428	39000.0	-11040594485.824556
7	21429.632	36000.0	-11040745030.782654
8	24018.325	38250.0	-11039919715.647423
9	26577.755	36750.0	-11039975171.294685
10	29129.061	37875.0	-11039754398.144022
11	31717.012	37125.0	-11039779666.055445
12	34238.244	37687.5	-11039715827.418945
13	36824.228	37312.5	-11039728141.51453
14	39384.546	37593.75	-11039707621.76728
15	41910.989	37406.25	-11039713777.901619
16	44474.375	37546.875	-11039706327.922405
17	47017.774	37523.4375	-11039706394.082073
