#Ne_opt: 36679.6875, f_opt: 19290468751.186924, n_iters: 10, n_calls: 20, flag: 1
call	runtime	Ne	ll
0	3407.936	30000.0	-19331405726.81308
1	6858.169	31500.0	-19314268905.855408
2	9968.975	33000.0	-19302084348.569065
3	13045.891	34500.0	-19294404989.333977
4	16208.556	37500.0	-19291020302.196564
5	19169.658	40500.0	-19301481822.955387
6	22202.88	36000.0	-19290831898.2905
7	25496.976	36750.0	-19290475131.361435
8	29754.033	36375.0	-19290538370.93093
9	33731.916	37125.0	-19290637377.143692
10	37084.224	36562.5	-19290478060.573936
11	39937.762	36937.5	-19290528087.572212
12	42814.972	36656.25	-19290469470.83539
13	45698.452	36703.125	-19290470465.855278
14	48650.431	36609.375	-19290471138.372635
15	51526.27	36679.6875	-19290468751.186924
