#Ne_opt: 34148.4375, f_opt: 14550767818.125776, n_iters: 10, n_calls: 20, flag: 1
call	runtime	Ne	ll
0	3193.03	30000.0	-14564223003.433096
1	5857.367	31500.0	-14556078004.20549
2	8474.472	33000.0	-14551738145.278666
3	11114.39	34500.0	-14550853928.5382
4	13698.86	37500.0	-14558279102.674286
5	16281.772	36000.0	-14553121983.703781
6	18882.286	33750.0	-14550884002.266144
7	21449.156	35250.0	-14551611214.179617
8	24055.507	34125.0	-14550768284.72804
9	26698.832	34312.5	-14550786261.53013
10	29305.426	33937.5	-14550800703.843363
11	31975.496	34218.75	-14550771025.983631
12	34622.398	34031.25	-14550778175.77792
13	37259.487	34171.875	-14550768088.088947
14	39899.313	34148.4375	-14550767818.125776
15	42524.814	34160.15625	-14550767874.911283
