#Ne_opt: 34675.78125, f_opt: 4742060331.118281, n_iters: 10, n_calls: 20, flag: 1
call	runtime	Ne	ll
0	432.441	30000.0	-4747505614.442381
1	718.525	31500.0	-4744488596.595248
2	1024.628	33000.0	-4742713439.76111
3	1325.288	34500.0	-4742066914.626124
4	1646.583	37500.0	-4743775287.910353
5	1970.383	36000.0	-4742450060.394806
6	2308.55	35250.0	-4742135459.817905
7	2607.8	33750.0	-4742255592.423294
8	2956.007	34875.0	-4742069745.611229
9	3290.606	34125.0	-4742128359.961073
10	3625.64	34687.5	-4742060390.536717
11	3947.157	34593.75	-4742061655.783267
12	4248.065	34781.25	-4742063090.253901
13	4550.662	34640.625	-4742060525.772541
14	4858.95	34734.375	-4742061247.818454
15	5179.924	34664.0625	-4742060333.846827
16	5475.009	34675.78125	-4742060331.118281
