#Ne_opt: 36656.25, f_opt: 21904714111.219475, n_iters: 10, n_calls: 20, flag: 1
call	runtime	Ne	ll
0	3946.761	30000.0	-21951270284.05128
1	7533.266	31500.0	-21931795550.948433
2	10917.128	33000.0	-21917936973.913128
3	14371.788	34500.0	-21909198207.173172
4	17616.288	37500.0	-21905333115.623695
5	20795.206	40500.0	-21917203979.696514
6	24108.445	36000.0	-21905129546.082928
7	27466.6	36750.0	-21904719627.76114
8	30988.947	36375.0	-21904794105.399014
9	34293.874	37125.0	-21904901222.431465
10	37742.889	36562.5	-21904724501.10168
11	41071.995	36937.5	-21904778490.103462
12	44470.59	36656.25	-21904714111.219475
13	48129.071	36703.125	-21904714907.412125
14	51653.271	36609.375	-21904717513.868248
15	55049.862	36679.6875	-21904714135.515594
