#Ne_opt: 35777.34375, f_opt: 5488718815.909847, n_iters: 10, n_calls: 20, flag: 1
call	runtime	Ne	ll
0	370.498	30000.0	-5498411763.46381
1	620.143	31500.0	-5493864543.267019
2	854.956	33000.0	-5490823606.436423
3	1110.538	34500.0	-5489152304.372916
4	1333.295	37500.0	-5489455600.225371
5	1580.249	36000.0	-5488731081.11603
6	1817.418	35250.0	-5488792267.983236
7	2053.704	36750.0	-5488956118.3852215
8	2281.637	35625.0	-5488725121.346985
9	2534.24	35812.5	-5488719062.6621
10	2777.847	35718.75	-5488719818.966169
11	3020.095	35906.25	-5488722820.993734
12	3292.385	35765.625	-5488718874.9776325
13	3537.254	35789.0625	-5488718827.634737
14	3769.553	35777.34375	-5488718815.909847
