#Ne_opt: 35062.5, f_opt: 12393580750.494484, n_iters: 10, n_calls: 20, flag: 1
call	runtime	Ne	ll
0	2626.938	30000.0	-12409394285.436192
1	4867.286	31500.0	-12401163588.557331
2	7049.036	33000.0	-12396047783.262547
3	9241.97	34500.0	-12393760990.9286
4	11363.586	37500.0	-12396704099.35685
5	13500.814	36000.0	-12394052770.086374
6	15661.268	35250.0	-12393599029.266157
7	17894.204	34875.0	-12393601366.970522
8	20101.787	35625.0	-12393750623.869709
9	22373.963	35062.5	-12393580750.494484
10	24696.178	35156.25	-12393585072.504475
11	26959.645	34968.75	-12393586171.17556
12	29241.603	35109.375	-12393581701.215952
13	31674.759	35015.625	-12393582224.096798
14	34161.074	35085.9375	-12393580922.957205
15	36645.404	35039.0625	-12393581193.08953
16	39121.608	35074.21875	-12393580757.189415
