#Ne_opt: 37265.625, f_opt: 11544641938.061687, n_iters: 10, n_calls: 20, flag: 1
call	runtime	Ne	ll
0	2424.218	30000.0	-11574477621.114727
1	4374.987	31500.0	-11562844825.474213
2	6428.296	33000.0	-11554309197.831635
3	8471.591	34500.0	-11548591120.905102
4	10428.555	37500.0	-11544667426.726221
5	12318.969	40500.0	-11549441894.926971
6	14290.576	36000.0	-11545449100.772236
7	16196.952	39000.0	-11546054752.767536
8	18144.019	36750.0	-11544775594.971615
9	20059.604	38250.0	-11545101285.79036
10	21944.32	37125.0	-11544652507.854557
11	23847.933	37312.5	-11544642913.595123
12	25747.208	37218.75	-11544643513.318642
13	27758.527	37406.25	-11544650770.583172
14	29666.092	37265.625	-11544641938.061687
15	31613.565	37289.0625	-11544642002.136385
