#Ne_opt: 37687.5, f_opt: 16503569124.19748, n_iters: 9, n_calls: 20, flag: 1
call	runtime	Ne	ll
0	2986.154	30000.0	-16547897680.458324
1	5597.142	31500.0	-16531340801.107082
2	8071.645	33000.0	-16518973704.275846
3	10390.233	34500.0	-16510440200.242292
4	12722.553	37500.0	-16503587404.465952
5	15036.831	40500.0	-16508530885.496553
6	17386.147	39000.0	-16504704660.812935
7	19761.63	36000.0	-16505419611.403194
8	22145.204	38250.0	-16503793576.755856
9	24553.154	36750.0	-16504120104.563503
10	27047.73	37875.0	-16503605846.080608
11	29751.207	37125.0	-16503758511.919386
12	32164.984	37687.5	-16503569124.19748
13	35659.819	37593.75	-16503581401.720007
14	39521.984	37781.25	-16503583805.86499
15	43335.482	37640.625	-16503573940.82945
16	47570.44	37734.375	-16503579057.080132
17	51817.795	37664.0625	-16503574707.434418
