#Ne_opt: 35226.5625, f_opt: 33069828554.687862, n_iters: 10, n_calls: 20, flag: 1
call	runtime	Ne	ll
0	9735.509	30000.0	-33114538374.926304
1	17960.547	31500.0	-33091939331.958427
2	26770.947	33000.0	-33077545665.408924
3	35417.585	34500.0	-33070662977.602146
4	43604.915	37500.0	-33076846380.404762
5	51553.006	36000.0	-33070625399.78804
6	59217.979	35250.0	-33069829652.906925
7	67184.643	35625.0	-33070027278.089653
8	75302.933	34875.0	-33070047206.935627
9	83707.311	35437.5	-33069876670.971237
10	91954.435	35062.5	-33069881412.957317
11	101927.495	35343.75	-33069840553.73832
12	113776.21	35156.25	-33069847311.891407
13	125700.717	35296.875	-33069831564.280922
14	136047.272	35203.125	-33069834774.648388
15	145816.546	35273.4375	-33069830341.914062
16	155399.727	35226.5625	-33069828554.687862
