#Ne_opt: 27134.765625, f_opt: 6953225920.227628, n_iters: 12, n_calls: 24, flag: 0
call	runtime	Ne	ll
0	812.094	30000.0	-6957097415.8039875
1	1614.586	31500.0	-6961897865.01786
2	2482.574	28500.0	-6954138652.757583
3	3193.123	27000.0	-6953235008.925234
4	3931.117	24000.0	-6958623430.025199
5	4522.788	25500.0	-6954634357.65294
6	5154.073	27750.0	-6953415232.607273
7	5790.497	26250.0	-6953630250.872038
8	6518.089	27375.0	-6953255196.380127
9	7199.353	26625.0	-6953358700.572394
10	7964.794	27187.5	-6953227376.947861
11	8664.449	27093.75	-6953226730.7329235
12	9240.093	27140.625	-6953225943.38768
13	9902.756	27117.1875	-6953226059.156078
14	10594.963	27164.0625	-6953226382.466072
15	11292.755	27128.90625	-6953225931.797155
16	11928.26	27134.765625	-6953225920.227628
17	12599.279	27131.8359375	-6953225921.682463
