#Ne_opt: 26724.609375, f_opt: 3877529850.171599, n_iters: 11, n_calls: 22, flag: 0
call	runtime	Ne	ll
0	275.862	30000.0	-3880721145.303295
1	453.685	31500.0	-3884082385.3578415
2	650.523	28500.0	-3878502638.325596
3	864.639	27000.0	-3877554565.1421585
4	1082.509	24000.0	-3880092581.6071053
5	1295.919	25500.0	-3878025465.4907894
6	1519.616	26250.0	-3877602282.8781343
7	1729.722	27750.0	-3877861130.664586
8	1946.085	26625.0	-3877532867.9308643
9	2163.799	26812.5	-3877532487.6873837
10	2382.604	26718.75	-3877529850.486673
11	2611.856	26765.625	-3877530465.509925
12	2847.806	26671.875	-3877530645.212755
13	3081.458	26742.1875	-3877529981.726368
14	3314.299	26695.3125	-3877530068.9193883
15	3526.117	26730.46875	-3877529871.9302535
16	3732.456	26707.03125	-3877529913.513356
17	3952.578	26724.609375	-3877529850.171599
