#Ne_opt: 27829.1015625, f_opt: 19621201679.629166, n_iters: 12, n_calls: 25, flag: 1
call	runtime	Ne	ll
0	2995.77	30000.0	-19627370537.419884
1	5473.627	31500.0	-19638196353.747883
2	7996.69	28500.0	-19621820724.031136
3	10536.624	27000.0	-19622147649.054836
4	13086.654	27750.0	-19621208924.86207
5	15599.058	28125.0	-19621326430.09861
6	18157.434	27375.0	-19621479920.849636
7	20685.19	27937.5	-19621220038.182434
8	23209.028	27562.5	-19621294882.234554
9	25950.021	27843.75	-19621202383.550537
10	28677.395	27796.875	-19621202458.251335
11	31553.419	27890.625	-19621208389.29732
12	34891.609	27820.3125	-19621202372.3703
13	38198.224	27832.03125	-19621201931.214825
14	41516.208	27826.171875	-19621201744.229256
15	44834.86	27829.1015625	-19621201679.629166
16	48108.788	27827.63671875	-19621201740.772675
17	51132.012	27830.56640625	-19621201733.761093
