#Ne_opt: 26408.203125, f_opt: 26662799361.887596, n_iters: 12, n_calls: 25, flag: 1
call	runtime	Ne	ll
0	4468.522	30000.0	-26688004257.729134
1	8839.313	31500.0	-26711695185.079247
2	13102.007	28500.0	-26671661566.454025
3	17462.561	27000.0	-26663537585.017574
4	21837.253	24000.0	-26676020663.043766
5	26239.08	25500.0	-26664602620.385437
6	30565.726	26250.0	-26662853607.233627
7	34817.96	26625.0	-26662901073.132378
8	39269.769	25875.0	-26663414912.000587
9	43546.852	26437.5	-26662802773.018677
10	47799.088	26343.75	-26662808985.386887
11	51501.046	26531.25	-26662832530.66284
12	55176.4	26390.625	-26662801278.388992
13	58897.302	26414.0625	-26662800420.298206
14	62714.134	26402.34375	-26662800428.858124
15	66796.512	26425.78125	-26662801010.59815
16	71801.547	26408.203125	-26662799361.887596
17	76839.972	26411.1328125	-26662800307.519764
18	81936.632	26405.2734375	-26662800588.748196
