#Ne_opt: 26138.671875, f_opt: 10565455299.974092, n_iters: 11, n_calls: 22, flag: 0
call	runtime	Ne	ll
0	1411.661	30000.0	-10576617681.63388
1	2546.801	31500.0	-10586245702.238262
2	3660.728	28500.0	-10569779987.660152
3	4837.91	27000.0	-10566050457.407738
4	5999.061	24000.0	-10569472550.73981
5	7135.027	25500.0	-10565800881.599628
6	8276.057	26250.0	-10565464965.89361
7	9452.773	25875.0	-10565514346.799883
8	10640.857	26625.0	-10565645869.401752
9	11836.368	26062.5	-10565460459.00455
10	13006.465	26156.25	-10565455471.661884
11	14145.834	26109.375	-10565456149.819094
12	15288.586	26203.125	-10565458418.378262
13	16429.564	26132.8125	-10565455356.536926
14	17547.097	26144.53125	-10565455300.339924
15	18667.027	26138.671875	-10565455299.974092
