#Ne_opt: 29200.1953125, f_opt: 22539600212.300743, n_iters: 11, n_calls: 25, flag: 1
call	runtime	Ne	ll
0	3816.086	30000.0	-22540484464.564377
1	7464.827	31500.0	-22546607322.11342
2	11170.714	28500.0	-22540283762.18826
3	14676.703	27000.0	-22546675155.560745
4	17896.028	29250.0	-22539604241.01755
5	21183.427	28875.0	-22539744005.082714
6	24435.935	29625.0	-22539854368.286575
7	27750.964	29062.5	-22539625077.620857
8	31131.446	29437.5	-22539681208.38867
9	34489.003	29156.25	-22539602524.470512
10	38035.625	29203.125	-22539600264.117474
11	41418.635	29179.6875	-22539600648.28802
12	44985.925	29226.5625	-22539601193.36429
13	48206.997	29191.40625	-22539600276.33318
14	51893.502	29214.84375	-22539600552.80809
15	55652.372	29197.265625	-22539600304.21679
16	60071.24	29208.984375	-22539600531.324165
17	63457.558	29200.1953125	-22539600212.300743
18	67023.832	29201.66015625	-22539600406.71305
