#Ne_opt: 28441.40625, f_opt: 14232084318.390705, n_iters: 11, n_calls: 25, flag: 1
call	runtime	Ne	ll
0	2493.113	30000.0	-14234313323.763966
1	4350.795	31500.0	-14240343294.510098
2	5995.281	28500.0	-14232088721.831615
3	7655.277	27000.0	-14234109273.421572
4	9338.36	27750.0	-14232539020.217552
5	10935.102	29250.0	-14232698302.998026
6	12591.633	28125.0	-14232177439.385876
7	14179.773	28875.0	-14232264316.884155
8	15792.565	28312.5	-14232098845.997757
9	17483.689	28687.5	-14232143589.402105
10	19200.813	28406.25	-14232085456.64227
11	21061.327	28453.125	-14232085048.425152
12	22902.758	28429.6875	-14232085018.549759
13	24567.315	28441.40625	-14232084318.390705
14	26483.983	28435.546875	-14232085066.636572
15	28234.757	28447.265625	-14232084510.60473
16	29876.16	28444.3359375	-14232084434.23631
17	31580.954	28438.4765625	-14232084831.554277
18	33251.099	28442.87109375	-14232084493.992483
