#Ne_opt: 29291.015625, f_opt: 9460892392.152452, n_iters: 11, n_calls: 25, flag: 1
call	runtime	Ne	ll
0	1284.163	30000.0	-9461177524.773466
1	2211.041	31500.0	-9463568769.329912
2	3202.357	28500.0	-9461261675.216286
3	4244.902	29250.0	-9460893405.520912
4	5271.825	29625.0	-9460956054.843277
5	6286.844	28875.0	-9460993777.935936
6	7315.872	29437.5	-9460904639.563023
7	8349.354	29062.5	-9460922951.239676
8	9345.579	29343.75	-9460893944.394474
9	10359.898	29156.25	-9460903027.558804
10	11375.857	29296.875	-9460892425.199333
11	12389.755	29273.4375	-9460892598.746956
12	13400.708	29320.3125	-9460892884.687172
13	14413.528	29285.15625	-9460892443.198547
14	15435.435	29308.59375	-9460892550.885305
15	16477.077	29291.015625	-9460892392.152452
16	17491.746	29293.9453125	-9460892401.310862
17	18509.825	29288.0859375	-9460892406.128683
18	19528.797	29292.48046875	-9460892403.344618
19	20574.764	29289.55078125	-9460892407.467377
20	21624.454	29291.748046875	-9460892410.63004
