#Ne_opt: 29250.0, f_opt: 3129610733.9491415, n_iters: 10, n_calls: 20, flag: 0
call	runtime	Ne	ll
0	328.037	30000.0	-3129720041.069273
1	556.942	31500.0	-3130561318.3461685
2	796.001	28500.0	-3129724064.891636
3	1042.769	29250.0	-3129610733.9491415
4	1279.532	29625.0	-3129638289.822259
5	1510.203	28875.0	-3129638813.539459
6	1767.869	29437.5	-3129617642.4383936
7	2008.207	29062.5	-3129617721.425392
8	2251.368	29343.75	-3129612458.6532927
9	2489.813	29156.25	-3129612478.721185
10	2725.485	29296.875	-3129611163.9520645
11	2956.887	29203.125	-3129611171.4388385
12	3210.994	29273.4375	-3129610840.47896
13	3478.603	29226.5625	-3129610844.4268913
14	3735.307	29261.71875	-3129610760.1213384
15	3985.021	29238.28125	-3129610761.938036
16	4218.48	29255.859375	-3129610740.2312164
17	4440.876	29244.140625	-3129610741.167464
18	4665.296	29252.9296875	-3129610735.3874316
