#Ne_opt: 24873.046875, f_opt: 12703504976.01991, n_iters: 12, n_calls: 25, flag: 1
call	runtime	Ne	ll
0	1494.571	30000.0	-12729793580.039877
1	2776.953	31500.0	-12745912202.063583
2	4133.514	28500.0	-12717151090.44353
3	5452.355	27000.0	-12708381045.835608
4	6835.147	24000.0	-12704395751.808613
5	8357.637	21000.0	-12722720670.818108
6	9513.248	25500.0	-12703946328.0197
7	10847.872	24750.0	-12703522147.85683
8	11992.482	25125.0	-12703577166.604252
9	13248.091	24375.0	-12703791382.059319
10	14634.443	24937.5	-12703509780.041615
11	15926.435	24843.75	-12703505893.689001
12	17378.159	24890.625	-12703505345.946972
13	18933.588	24867.1875	-12703505005.63536
14	20151.721	24878.90625	-12703505024.280907
15	21704.87	24855.46875	-12703505300.945942
16	23357.945	24873.046875	-12703504976.01991
