#Ne_opt: 27392.578125, f_opt: 15934872944.467472, n_iters: 12, n_calls: 25, flag: 1
call	runtime	Ne	ll
0	2649.674	30000.0	-15941961464.601164
1	4846.561	31500.0	-15951839130.768093
2	7005.307	28500.0	-15936205616.626066
3	9233.979	27000.0	-15935041222.158663
4	11426.618	24000.0	-15948803865.217396
5	13596.719	25500.0	-15939020420.614891
6	15751.097	27750.0	-15935016969.793243
7	17897.822	27375.0	-15934873065.474937
8	20030.247	27562.5	-15934906525.124092
9	22158.067	27187.5	-15934917592.54906
10	24295.809	27468.75	-15934880168.299387
11	26406.833	27281.25	-15934885594.43102
12	28643.782	27421.875	-15934874232.260303
13	31061.958	27328.125	-15934876881.71545
14	33461.311	27398.4375	-15934872995.084171
15	35741.528	27386.71875	-15934872973.920864
16	37972.98	27392.578125	-15934872944.467472
17	40175.536	27389.6484375	-15934872971.474625
18	42473.629	27395.5078125	-15934872977.734127
