#Ne_opt: 28015.13671875, f_opt: 25983582393.824474, n_iters: 12, n_calls: 25, flag: 1
call	runtime	Ne	ll
0	4881.257	30000.0	-25990180762.022682
1	9147.97	31500.0	-26003217736.752655
2	13365.093	28500.0	-25983990689.90587
3	17656.648	27000.0	-25985435966.69693
4	21989.777	27750.0	-25983705964.765198
5	26225.507	28125.0	-25983603755.828632
6	30398.613	27937.5	-25983592975.955154
7	34706.777	28031.25	-25983582958.401283
8	39246.846	27984.375	-25983583984.218887
9	43785.148	28078.125	-25983589450.048946
10	48048.157	28007.8125	-25983582598.65276
11	52542.748	28019.53125	-25983582495.578033
12	56898.284	28013.671875	-25983582481.30132
13	61349.64	28016.6015625	-25983582463.84807
14	66122.418	28015.13671875	-25983582393.824474
