#Ne_opt: 28211.42578125, f_opt: 27559121700.385017, n_iters: 12, n_calls: 25, flag: 1
call	runtime	Ne	ll
0	7401.025	30000.0	-27564514556.716503
1	14410.289	31500.0	-27576703152.13669
2	20997.24	28500.0	-27559266467.219254
3	27699.83	27000.0	-27561791150.13107
4	34375.632	27750.0	-27559502259.866165
5	40976.851	29250.0	-27560969643.21057
6	47582.487	28125.0	-27559135232.53796
7	54124.977	28312.5	-27559139823.886818
8	60722.629	27937.5	-27559255455.988068
9	67317.511	28218.75	-27559122106.026794
10	73948.643	28171.875	-27559124666.896797
11	81205.806	28265.625	-27559127192.62043
12	88198.997	28195.3125	-27559122447.191406
13	95047.085	28242.1875	-27559123531.164246
14	101795.44	28207.03125	-27559121924.85323
15	108757.609	28212.890625	-27559121907.216854
16	116573.566	28209.9609375	-27559121860.194344
17	127238.704	28211.42578125	-27559121700.385017
