#Ne_opt: 29244.140625, f_opt: 9550992459.928024, n_iters: 12, n_calls: 25, flag: 1
call	runtime	Ne	ll
0	6582.957	30000.0	-9551343666.276222
1	13356.274	31500.0	-9554061177.383272
2	19844.456	28500.0	-9551360905.43882
3	26444.861	29250.0	-9550992597.920647
4	33460.253	29625.0	-9551080711.966383
5	39560.119	28875.0	-9551084236.134043
6	45812.789	29437.5	-9551014607.281595
7	50973.194	29062.5	-9551015754.144867
8	57072.755	29343.75	-9550998159.605293
9	62472.209	29156.25	-9550998661.473173
10	67567.658	29296.875	-9550993762.58928
11	73019.608	29203.125	-9550994238.939745
12	78398.677	29273.4375	-9550992960.836512
13	83661.619	29226.5625	-9550992585.44749
14	88663.113	29238.28125	-9550992504.018576
15	93663.406	29232.421875	-9550993120.790375
16	99326.068	29244.140625	-9550992459.928024
17	105735.185	29241.2109375	-9550992484.478806
