#Ne_opt: 28019.53125, f_opt: 19716982222.95632, n_iters: 11, n_calls: 25, flag: 1
call	runtime	Ne	ll
0	2585.529	30000.0	-19722059655.769226
1	4762.599	31500.0	-19732215695.972946
2	6784.976	28500.0	-19717280346.49446
3	8803.529	27000.0	-19718484276.65856
4	10799.349	27750.0	-19717092092.35694
5	12734.421	28125.0	-19716993883.77879
6	14660.948	27937.5	-19716994300.59082
7	16591.381	28312.5	-19717088684.477768
8	18549.742	28031.25	-19716983129.33382
9	20553.093	28078.125	-19716985194.147255
10	22586.337	27984.375	-19716988283.55163
11	24555.283	28054.6875	-19716984076.62008
12	26503.373	28007.8125	-19716982820.703857
13	28453.78	28019.53125	-19716982222.95632
14	30433.831	28013.671875	-19716983014.31739
15	32460.697	28025.390625	-19716982379.351112
16	34432.579	28022.4609375	-19716983646.859863
