#Ne_opt: 25763.671875, f_opt: 9502394793.725395, n_iters: 12, n_calls: 25, flag: 1
call	runtime	Ne	ll
0	786.327	30000.0	-9515053746.744837
1	1453.589	31500.0	-9524807083.240145
2	2102.202	28500.0	-9507872219.30406
3	2735.291	27000.0	-9503556400.209538
4	3399.066	24000.0	-9504961556.298784
5	4100.375	25500.0	-9502450032.38448
6	4753.406	26250.0	-9502577897.990948
7	5516.62	24750.0	-9503225460.597721
8	6186.338	25875.0	-9502404431.70506
9	6874.699	25687.5	-9502399421.375013
10	7604.221	25781.25	-9502395036.095936
11	8313.97	25734.375	-9502395498.880621
12	9008.594	25828.125	-9502398014.747416
13	9683.848	25757.8125	-9502394838.628262
14	10282.899	25769.53125	-9502394825.996792
15	10994.298	25763.671875	-9502394793.725395
16	11760.374	25766.6015625	-9502394802.380756
17	12420.006	25760.7421875	-9502394814.634907
