#Ne_opt: 26947.265625, f_opt: 7724125359.621642, n_iters: 11, n_calls: 23, flag: 0
call	runtime	Ne	ll
0	1310.505	30000.0	-7728927654.759474
1	2267.299	31500.0	-7734431777.956429
2	3359.685	28500.0	-7725415719.323092
3	4403.218	27000.0	-7724127101.879166
4	5619.382	24000.0	-7729338914.052052
5	6799.442	25500.0	-7725327884.273432
6	7844.602	26250.0	-7724397731.280272
7	8780.639	27750.0	-7724477813.856417
8	9662.595	26625.0	-7724182333.818841
9	10811.746	27375.0	-7724226888.928479
10	11976.572	26812.5	-7724135060.03847
11	13027.687	27187.5	-7724157876.614082
12	14054.58	26906.25	-7724126274.147457
13	15083.911	26953.125	-7724125364.574287
14	16155.759	26929.6875	-7724125523.749089
15	17085.518	26976.5625	-7724126043.827864
16	18247.574	26941.40625	-7724125531.039507
17	19346.364	26964.84375	-7724125570.602574
18	20549.914	26947.265625	-7724125359.621642
