#Ne_opt: 28593.75, f_opt: 17120957687.54094, n_iters: 11, n_calls: 25, flag: 1
call	runtime	Ne	ll
0	2492.855	30000.0	-17123121394.628576
1	4538.175	31500.0	-17129844055.55237
2	6595.92	28500.0	-17120966655.115267
3	8668.887	27000.0	-17123896875.988552
4	10725.819	29250.0	-17121442400.020432
5	12959.402	27750.0	-17121760227.603127
6	15109.434	28875.0	-17121050023.628527
7	17621.733	28125.0	-17121200451.558266
8	20035.286	28687.5	-17120968844.192398
9	22600.656	28312.5	-17121043162.900429
10	25049.291	28593.75	-17120957687.54094
11	27583.017	28546.875	-17120959249.453728
12	30338.507	28640.625	-17120960879.768642
13	32904.912	28570.3125	-17120958183.38123
14	35140.628	28617.1875	-17120959019.386686
15	37386.176	28582.03125	-17120958041.105911
16	40071.338	28605.46875	-17120958438.368793
17	42833.18	28587.890625	-17120958127.554337
18	44959.217	28599.609375	-17120958047.7094
19	46964.034	28596.6796875	-17120958003.186272
20	49510.849	28590.8203125	-17120957766.105692
21	51630.173	28592.28515625	-17120957994.329046
