#Ne_opt: 26821.2890625, f_opt: 30764232562.39472, n_iters: 12, n_calls: 25, flag: 1
call	runtime	Ne	ll
0	6564.056	30000.0	-30785155115.129272
1	12713.569	31500.0	-30808075550.671173
2	18645.46	28500.0	-30770239946.858494
3	25641.945	27000.0	-30764295578.126095
4	32152.2	24000.0	-30783776790.05415
5	39072.861	25500.0	-30768381843.95401
6	45944.974	26250.0	-30765010347.05932
7	53310.583	27750.0	-30766085871.277107
8	60424.258	26625.0	-30764329323.914238
9	68337.467	27375.0	-30764887056.54332
10	75184.111	26812.5	-30764233154.098495
11	81765.484	26906.25	-30764244727.081764
12	87846.425	26718.75	-30764264048.461
13	93650.46	26859.375	-30764235159.559036
14	99318.394	26765.625	-30764240085.191933
15	105114.919	26835.9375	-30764233350.55323
16	111119.995	26789.0625	-30764237869.681614
17	118170.479	26824.21875	-30764233011.818054
18	126750.878	26818.359375	-30764232884.196556
19	137214.344	26821.2890625	-30764232562.39472
