#Ne_opt: 28306.640625, f_opt: 4759414865.050799, n_iters: 10, n_calls: 20, flag: 0
call	runtime	Ne	ll
0	679.051	30000.0	-4760311997.513192
1	1271.862	31500.0	-4762493964.436523
2	1771.248	28500.0	-4759427272.850776
3	2363.495	27000.0	-4759985343.753386
4	3031.53	27750.0	-4759515872.83648
5	3715.803	29250.0	-4759698742.416927
6	4307.512	28125.0	-4759425303.924942
7	4961.602	28312.5	-4759414887.563013
8	5557.801	28218.75	-4759417219.350588
9	6153.197	28406.25	-4759418253.503874
10	6810.225	28265.625	-4759415335.628141
11	7429.874	28359.375	-4759415862.790186
12	8028.974	28289.0625	-4759414932.938545
13	8617.738	28335.9375	-4759415197.168505
14	9133.997	28300.78125	-4759414866.017912
15	9719.579	28306.640625	-4759414865.050799
