#Ne_opt: 28658.203125, f_opt: 17063575065.617466, n_iters: 12, n_calls: 25, flag: 1
call	runtime	Ne	ll
0	2762.861	30000.0	-17065546189.166948
1	4995.768	31500.0	-17072081147.458616
2	7737.333	28500.0	-17063601289.904663
3	10759.77	27000.0	-17066764862.977077
4	13679.386	29250.0	-17063969279.521217
5	16694.677	27750.0	-17064508266.398138
6	19614.013	28875.0	-17063630218.679703
7	22486.367	28125.0	-17063890997.712563
8	25457.645	28687.5	-17063576759.447271
9	28421.999	28593.75	-17063579149.947165
10	31312.092	28781.25	-17063593808.06406
11	33783.297	28640.625	-17063575430.869122
12	35860.97	28664.0625	-17063575471.567245
13	38112.599	28617.1875	-17063576579.979042
14	40197.968	28652.34375	-17063575139.645962
15	42230.572	28646.484375	-17063575199.056767
16	44332.37	28658.203125	-17063575065.617466
17	46426.861	28655.2734375	-17063575121.87119
18	48579.223	28661.1328125	-17063575340.326796
