#Ne_opt: 24820.3125, f_opt: 11078321785.897308, n_iters: 10, n_calls: 20, flag: 1
call	runtime	Ne	ll
0	217.841	30000.0	-11105793513.734554
1	422.827	31500.0	-11122496189.959137
2	622.55	28500.0	-11092681164.263615
3	826.093	27000.0	-11083548578.424776
4	1032.954	24000.0	-11079122507.88068
5	1247.755	21000.0	-11097285507.069168
6	1450.829	25500.0	-11078849899.985172
7	1635.977	24750.0	-11078327727.521736
8	1810.005	25125.0	-11078429045.827744
9	1984.8	24375.0	-11078555389.378548
10	2164.09	24937.5	-11078337808.720716
11	2337.202	24562.5	-11078399548.24931
12	2524.839	24843.75	-11078322406.916128
13	2718.086	24796.875	-11078322472.66168
14	2916.455	24890.625	-11078327622.03552
15	3118.122	24820.3125	-11078321785.897308
