#Ne_opt: 25242.1875, f_opt: 19350501583.840614, n_iters: 10, n_calls: 20, flag: 1
call	runtime	Ne	ll
0	394.989	30000.0	-19390518967.954987
1	772.811	31500.0	-19417415295.346367
2	1151.353	28500.0	-19369940813.487053
3	1537.812	27000.0	-19356380477.88947
4	1921.128	24000.0	-19353650910.65238
5	2306.287	21000.0	-19390736790.32543
6	2689.709	25500.0	-19350634897.251774
7	3069.411	24750.0	-19350983151.798336
8	3448.707	26250.0	-19352475421.608074
9	3840.393	25125.0	-19350527470.843002
10	4228.698	25312.5	-19350511642.803387
11	4616.313	25218.75	-19350501683.20946
12	4995.955	25265.625	-19350502362.158077
13	5397.474	25171.875	-19350510141.735535
14	5794.866	25242.1875	-19350501583.840614
