#Ne_opt: 25476.5625, f_opt: 24926792543.87452, n_iters: 10, n_calls: 20, flag: 1
call	runtime	Ne	ll
0	713.241	30000.0	-24972687067.306015
1	1399.635	31500.0	-25005409038.503662
2	2092.265	28500.0	-24948055546.619423
3	2793.279	27000.0	-24932418635.776466
4	3480.307	24000.0	-24932393767.848892
5	4170.558	21000.0	-24983391703.710922
6	4861.452	25500.0	-24926794717.120007
7	5550.339	24750.0	-24928110113.10019
8	6239.408	26250.0	-24928284303.72453
9	6932.946	25125.0	-24927091763.740417
10	7646.622	25875.0	-24927201164.980106
11	8356.267	25312.5	-24926853454.885944
12	9058.988	25687.5	-24926911265.93995
13	9765.011	25406.25	-24926804630.25109
14	10476.672	25593.75	-24926833281.689983
15	11189.161	25453.125	-24926792921.773975
16	11895.612	25476.5625	-24926792543.87452
