#Ne_opt: 25617.1875, f_opt: 16560874646.626036, n_iters: 10, n_calls: 20, flag: 1
call	runtime	Ne	ll
0	300.699	30000.0	-16589179091.426668
1	592.544	31500.0	-16610210181.93575
2	882.404	28500.0	-16573535425.334862
3	1184.102	27000.0	-16563882727.297388
4	1486.245	24000.0	-16565396980.250303
5	1785.257	25500.0	-16560901352.484535
6	2083.399	26250.0	-16561509648.838207
7	2385.182	24750.0	-16562163523.79347
8	2690.571	25875.0	-16560984526.844553
9	3001.515	25125.0	-16561293663.873621
10	3310.836	25687.5	-16560885712.771812
11	3620.937	25593.75	-16560885254.211967
12	3926.67	25640.625	-16560878944.355137
13	4229.005	25617.1875	-16560874646.626036
14	4538.647	25628.90625	-16560875569.381025
