#Ne_opt: 24070.3125, f_opt: 8787414609.466026, n_iters: 10, n_calls: 20, flag: 1
call	runtime	Ne	ll
0	136.454	30000.0	-8817337674.918026
1	264.228	31500.0	-8832809693.838978
2	392.699	28500.0	-8804725725.426554
3	507.468	27000.0	-8795282841.423283
4	621.513	24000.0	-8787418630.400372
5	744.652	21000.0	-8797544797.813652
6	870.418	25500.0	-8789370766.520954
7	994.527	22500.0	-8789937804.231798
8	1120.435	24750.0	-8787869947.169117
9	1238.195	23250.0	-8788083537.018919
10	1361.546	24375.0	-8787509068.932674
11	1481.24	23625.0	-8787607169.369984
12	1606.969	24187.5	-8787429543.910007
13	1728.005	23812.5	-8787477533.041765
14	1854.365	24093.75	-8787415476.238556
15	1967.85	24046.875	-8787414869.395134
16	2089.694	24070.3125	-8787414609.466026
