#Ne_opt: 25101.5625, f_opt: 11425794007.457523, n_iters: 10, n_calls: 20, flag: 1
call	runtime	Ne	ll
0	103.482	30000.0	-11450871024.687748
1	202.845	31500.0	-11467212017.259165
2	303.663	28500.0	-11438269627.093868
3	402.723	27000.0	-11429811558.951382
4	501.937	24000.0	-11427303840.559412
5	602.269	21000.0	-11448307732.839764
6	703.286	25500.0	-11425969868.38145
7	804.165	24750.0	-11425951010.814175
8	904.534	25125.0	-11425794118.15134
9	1004.232	24937.5	-11425830352.937891
10	1103.706	25312.5	-11425841023.843513
11	1203.786	25031.25	-11425801765.457994
12	1305.417	25218.75	-11425807258.785442
13	1408.672	25078.125	-11425795329.930386
14	1513.243	25171.875	-11425798100.89202
15	1617.167	25101.5625	-11425794007.457523
