#Ne_opt: 23695.3125, f_opt: 17911101547.534416, n_iters: 10, n_calls: 20, flag: 1
call	runtime	Ne	ll
0	375.774	30000.0	-17980378177.39664
1	730.763	31500.0	-18013762271.129288
2	1085.13	28500.0	-17952745664.099823
3	1433.628	27000.0	-17931511710.822872
4	1784.417	24000.0	-17911280124.570156
5	2142.512	21000.0	-17927345401.56777
6	2499.981	22500.0	-17914178049.72785
7	2853.359	25500.0	-17917402214.65583
8	3204.555	23250.0	-17911528869.810482
9	3554.272	24750.0	-17913282985.02423
10	3904.578	23625.0	-17911113995.605034
11	4253.835	23812.5	-17911125552.19313
12	4613.336	23437.5	-17911248571.05141
13	4961.792	23718.75	-17911102092.596146
14	5325.846	23671.875	-17911103143.313736
15	5691.21	23765.625	-17911109470.113525
16	6082.767	23695.3125	-17911101547.534416
