#Ne_opt: 27908.203125, f_opt: 5502522715.638377, n_iters: 10, n_calls: 20, flag: 1
call	runtime	Ne	ll
0	37.959	30000.0	-5504472094.104561
1	74.219	31500.0	-5508090296.715462
2	111.065	28500.0	-5502683083.583497
3	147.008	27000.0	-5502920449.474775
4	183.489	27750.0	-5502534906.84577
5	219.444	28125.0	-5502544069.750149
6	256.735	27375.0	-5502659137.7081995
7	294.035	27937.5	-5502523040.576341
8	331.186	27843.75	-5502524833.043521
9	367.151	28031.25	-5502529470.062885
10	404.564	27890.625	-5502522904.788832
11	441.741	27914.0625	-5502522716.327534
12	479.581	27902.34375	-5502522747.102051
13	517.273	27925.78125	-5502522814.159024
14	554.728	27908.203125	-5502522715.638377
