#Ne_opt: 26273.4375, f_opt: 28658209414.370377, n_iters: 10, n_calls: 20, flag: 1
call	runtime	Ne	ll
0	1830.062	30000.0	-28692445007.613945
1	3597.819	31500.0	-28723432734.88581
2	5499.926	28500.0	-28670808428.19234
3	7397.609	27000.0	-28659571298.435936
4	9220.546	24000.0	-28673234608.71188
5	11061.0	25500.0	-28659913063.2956
6	12961.887	26250.0	-28658212294.916092
7	14916.597	26625.0	-28658521287.214325
8	16844.183	25875.0	-28658670595.680916
9	18724.054	26437.5	-28658272541.65538
10	20562.057	26062.5	-28658344237.15126
11	22484.265	26343.75	-28658218363.019703
12	24389.883	26156.25	-28658254435.189796
13	26247.214	26296.875	-28658209754.73381
14	28130.317	26273.4375	-28658209414.370377
15	30025.493	26285.15625	-28658209493.1381
