#Ne_opt: 26250.0, f_opt: 22224816942.189445, n_iters: 9, n_calls: 20, flag: 1
call	runtime	Ne	ll
0	727.902	30000.0	-22251655499.724297
1	1402.791	31500.0	-22275851654.21826
2	2066.059	28500.0	-22234744786.55412
3	2763.63	27000.0	-22225918295.476494
4	3517.151	24000.0	-22236367950.813236
5	4347.187	25500.0	-22226096732.93167
6	5084.887	26250.0	-22224816942.189445
7	5858.126	26625.0	-22225076719.558334
8	6610.801	25875.0	-22225157070.62885
9	7336.773	26437.5	-22224873595.86809
10	8072.433	26062.5	-22224909189.060833
11	8805.901	26343.75	-22224831362.102093
12	9518.664	26156.25	-22224842827.826817
13	10266.357	26296.875	-22224818035.038177
14	11018.206	26203.125	-22224827548.52767
15	11765.358	26273.4375	-22224821740.779213
16	12514.573	26226.5625	-22224819340.591698
