#Ne_opt: 27398.4375, f_opt: 11598988498.922386, n_iters: 10, n_calls: 20, flag: 1
call	runtime	Ne	ll
0	149.06	30000.0	-11605533439.560383
1	284.923	31500.0	-11614662811.983517
2	421.061	28500.0	-11600221803.17288
3	556.813	27000.0	-11599138183.139004
4	694.202	24000.0	-11611680951.22932
5	831.017	25500.0	-11602767691.339588
6	969.31	27750.0	-11599122818.123306
7	1105.366	27375.0	-11598988566.174076
8	1241.424	27562.5	-11599018451.75647
9	1377.648	27187.5	-11599027538.599642
10	1514.529	27468.75	-11598993551.77552
11	1650.166	27281.25	-11598996693.203823
12	1785.44	27421.875	-11598989693.336218
13	1920.381	27328.125	-11598989232.981422
14	2057.2	27351.5625	-11598988845.699944
15	2193.17	27398.4375	-11598988498.922386
