#Ne_opt: 24164.0625, f_opt: 12416247793.690926, n_iters: 10, n_calls: 20, flag: 1
call	runtime	Ne	ll
0	168.78	30000.0	-12456692548.525433
1	328.202	31500.0	-12478016423.287933
2	488.9	28500.0	-12439383682.573818
3	649.472	27000.0	-12426525147.234999
4	812.508	24000.0	-12416283171.387783
5	971.123	21000.0	-12431300441.443928
6	1129.409	25500.0	-12418624166.471767
7	1286.517	22500.0	-12420219939.472382
8	1443.377	24750.0	-12416717052.341755
9	1601.88	23250.0	-12417416537.752996
10	1759.724	24375.0	-12416310249.27729
11	1920.407	23625.0	-12416647737.200695
12	2077.301	24187.5	-12416248609.861204
13	2241.663	24093.75	-12416253878.841267
14	2403.437	24281.25	-12416267570.290646
15	2563.991	24140.625	-12416248312.882584
16	2722.57	24164.0625	-12416247793.690926
