#Ne_opt: 24820.3125, f_opt: 25671615006.29532, n_iters: 10, n_calls: 20, flag: 1
call	runtime	Ne	ll
0	825.726	30000.0	-25734922012.493668
1	1616.938	31500.0	-25773547341.029343
2	2398.403	28500.0	-25704606431.238747
3	3135.992	27000.0	-25683541001.591476
4	3901.583	24000.0	-25673553866.866493
5	4652.449	21000.0	-25716036499.281845
6	5424.391	25500.0	-25672775214.56781
7	6208.781	24750.0	-25671637387.989155
8	7046.035	25125.0	-25671835435.59347
9	7929.586	24375.0	-25672201563.427544
10	8848.541	24937.5	-25671640792.963734
11	9762.776	24562.5	-25671820714.812393
12	10707.113	24843.75	-25671615227.23972
13	11621.779	24796.875	-25671620612.417656
14	12585.784	24890.625	-25671622406.76867
15	13622.073	24820.3125	-25671615006.29532
