#Ne_opt: 25265.625, f_opt: 21988469925.548164, n_iters: 9, n_calls: 20, flag: 1
call	runtime	Ne	ll
0	632.229	30000.0	-22033731307.283325
1	1234.962	31500.0	-22064179233.349293
2	1843.495	28500.0	-22010436934.806595
3	2463.662	27000.0	-21995097423.835583
4	3069.766	24000.0	-21992061270.199883
5	3685.67	21000.0	-22034149620.131813
6	4293.947	25500.0	-21988615610.20844
7	4906.471	24750.0	-21989026617.213654
8	5503.19	26250.0	-21990686773.880043
9	6102.75	25125.0	-21988502771.30108
10	6699.692	25312.5	-21988479418.70117
11	7299.426	25218.75	-21988470236.89289
12	7911.047	25265.625	-21988469925.548164
13	8529.362	25242.1875	-21988470380.98832
