#Ne_opt: 24468.75, f_opt: 4769984161.915867, n_iters: 10, n_calls: 20, flag: 1
call	runtime	Ne	ll
0	43.18	30000.0	-4783930947.309783
1	81.855	31500.0	-4791754879.688757
2	121.562	28500.0	-4777669380.363712
3	160.279	27000.0	-4773138083.587587
4	200.536	24000.0	-4770094909.537688
5	240.144	21000.0	-4776878474.849899
6	279.048	25500.0	-4770534962.775785
7	319.459	22500.0	-4772097336.51676
8	359.106	24750.0	-4770028238.866929
9	399.876	24375.0	-4769987712.8726015
10	439.216	24562.5	-4769989782.641932
11	478.166	24187.5	-4770022567.107157
12	517.297	24468.75	-4769984161.915867
13	557.5	24421.875	-4769984785.400394
14	596.69	24515.625	-4769985831.328932
15	635.678	24445.3125	-4769984185.794773
