#Ne_opt: 24656.25, f_opt: 7009994041.538494, n_iters: 10, n_calls: 20, flag: 1
call	runtime	Ne	ll
0	198.596	30000.0	-7028507808.734304
1	355.778	31500.0	-7039325274.588747
2	501.777	28500.0	-7019929864.3383
3	646.936	27000.0	-7013839273.931271
4	776.164	24000.0	-7010307558.613533
5	922.425	21000.0	-7020900283.105391
6	1074.083	25500.0	-7010519922.90473
7	1200.981	22500.0	-7013604506.033894
8	1321.628	24750.0	-7010001898.205811
9	1450.394	24375.0	-7010048634.036916
10	1579.935	25125.0	-7010161017.00384
11	1700.845	24562.5	-7009999150.097849
12	1829.548	24656.25	-7009994041.538494
13	1958.542	24609.375	-7009994968.142576
14	2083.863	24703.125	-7009996359.002102
15	2196.144	24632.8125	-7009994098.93495
