#Ne_opt: 25195.3125, f_opt: 19067659986.580193, n_iters: 10, n_calls: 20, flag: 1
call	runtime	Ne	ll
0	510.998	30000.0	-19107559228.577282
1	997.126	31500.0	-19134059813.385212
2	1478.774	28500.0	-19087214196.95375
3	1910.78	27000.0	-19073715179.08024
4	2337.223	24000.0	-19070514505.11831
5	2789.761	21000.0	-19106155087.101955
6	3253.55	25500.0	-19067841780.694992
7	3668.945	24750.0	-19068046604.171875
8	4079.599	26250.0	-19069771281.70067
9	4478.579	25125.0	-19067669481.68918
10	4893.494	25312.5	-19067687816.271927
11	5325.833	24937.5	-19067788013.280033
12	5819.388	25218.75	-19067661483.761765
13	6314.093	25171.875	-19067661212.14611
14	6802.327	25195.3125	-19067659986.580193
