#Ne_opt: 23718.75, f_opt: 33156352418.3681, n_iters: 10, n_calls: 20, flag: 1
call	runtime	Ne	ll
0	1371.192	30000.0	-33284357074.822647
1	2729.436	31500.0	-33346117965.41702
2	4114.944	28500.0	-33233197135.355293
3	5576.503	27000.0	-33193926433.526024
4	7080.866	24000.0	-33156656806.764458
5	8714.046	21000.0	-33186743759.62863
6	10433.908	22500.0	-33162171278.290993
7	12136.315	25500.0	-33167878891.799286
8	13764.648	23250.0	-33157185224.970413
9	15477.851	24750.0	-33160300648.33271
10	17208.874	23625.0	-33156383377.11447
11	19628.534	23812.5	-33156387663.946243
12	22306.173	23437.5	-33156649136.33571
13	25069.534	23718.75	-33156352418.3681
14	27811.022	23671.875	-33156358462.51481
15	30786.95	23765.625	-33156361396.613365
16	33742.224	23695.3125	-33156353848.67975
