#Ne_opt: 23296.875, f_opt: 29782285507.211563, n_iters: 10, n_calls: 20, flag: 1
call	runtime	Ne	ll
0	1569.623	30000.0	-29915445803.2238
1	3311.947	31500.0	-29974859381.719116
2	5227.158	28500.0	-29865425540.453453
3	7156.288	27000.0	-29826020812.26348
4	9509.031	24000.0	-29784013271.02057
5	11844.914	21000.0	-29802085724.070908
6	13931.333	22500.0	-29784544972.073242
7	16161.946	25500.0	-29798406355.962395
8	18896.935	23250.0	-29782290264.660294
9	22384.062	23625.0	-29782671786.280285
10	25535.545	22875.0	-29782903090.213066
11	28658.097	23437.5	-29782360416.884506
12	32113.765	23062.5	-29782470358.86646
13	35465.95	23343.75	-29782295500.298714
14	38428.353	23156.25	-29782351183.700005
15	41310.669	23296.875	-29782285507.211563
16	44162.776	23273.4375	-29782287095.59395
