#Ne_opt: 25195.3125, f_opt: 14582678177.372849, n_iters: 10, n_calls: 20, flag: 1
call	runtime	Ne	ll
0	247.963	30000.0	-14613500621.598314
1	494.264	31500.0	-14633964035.159779
2	736.459	28500.0	-14597797649.681461
3	976.899	27000.0	-14587370808.92121
4	1223.199	24000.0	-14584863741.462803
5	1464.921	21000.0	-14612293936.152111
6	1705.106	25500.0	-14582822254.019434
7	1935.668	24750.0	-14582969995.238144
8	2164.565	26250.0	-14584320115.335564
9	2391.155	25125.0	-14582684349.518724
10	2621.054	25312.5	-14582701123.584892
11	2854.079	24937.5	-14582773414.156363
12	3079.249	25218.75	-14582679511.147543
13	3297.763	25171.875	-14582678682.592152
14	3518.626	25195.3125	-14582678177.372849
