#Ne_opt: 22500.0, f_opt: 9570596012.959883, n_iters: 9, n_calls: 20, flag: 1
call	runtime	Ne	ll
0	154.034	30000.0	-9626047437.547245
1	293.702	31500.0	-9647791873.60904
2	435.475	28500.0	-9607330340.017612
3	577.587	27000.0	-9592007387.265446
4	719.439	24000.0	-9573138356.366385
5	863.78	21000.0	-9573498806.114132
6	1005.278	22500.0	-9570596012.959883
7	1146.086	23250.0	-9571231207.739603
8	1288.39	21750.0	-9571319840.548595
9	1427.395	22875.0	-9570748441.912914
10	1570.271	22125.0	-9570782313.079563
11	1713.853	22687.5	-9570630243.434929
12	1857.746	22312.5	-9570644322.129171
13	1999.313	22593.75	-9570602703.45696
14	2141.771	22406.25	-9570610702.48457
15	2284.278	22546.875	-9570596313.737373
16	2427.021	22453.125	-9570603056.03899
17	2568.978	22523.4375	-9570597099.673042
