#Ne_opt: 27679.6875, f_opt: 24878890881.326817, n_iters: 10, n_calls: 20, flag: 1
call	runtime	Ne	ll
0	1214.401	30000.0	-24888996439.761497
1	2535.444	31500.0	-24905812837.58313
2	3936.286	28500.0	-24880102387.36084
3	5362.57	27000.0	-24879998710.97737
4	6677.593	24000.0	-24910396966.537453
5	7934.284	25500.0	-24889698821.174118
6	9119.917	27750.0	-24878894134.459763
7	10276.076	27375.0	-24879149470.541023
8	11406.536	28125.0	-24879215535.053707
9	12531.096	27562.5	-24878943943.50364
10	13652.53	27937.5	-24878982894.297436
11	14781.181	27656.25	-24878903269.79442
12	15898.18	27843.75	-24878922223.63797
13	17016.498	27703.125	-24878891331.391228
14	18155.25	27726.5625	-24878892057.823196
15	19280.1	27679.6875	-24878890881.326817
