#Ne_opt: 26730.46875, f_opt: 14556779510.124622, n_iters: 10, n_calls: 20, flag: 1
call	runtime	Ne	ll
0	428.254	30000.0	-14569691545.056541
1	988.038	31500.0	-14583385688.779734
2	1457.999	28500.0	-14560683037.108377
3	1923.873	27000.0	-14556869789.419895
4	2370.349	24000.0	-14567322582.273556
5	2776.203	25500.0	-14558847760.58754
6	3172.824	26250.0	-14557093671.480183
7	3595.803	27750.0	-14558092064.142235
8	4008.591	26625.0	-14556795795.458834
9	4447.618	26812.5	-14556786906.678005
10	4877.751	26718.75	-14556780088.141018
11	5291.847	26765.625	-14556780428.68227
12	5697.537	26671.875	-14556784962.469555
13	6112.335	26742.1875	-14556779631.893427
14	6497.889	26730.46875	-14556779510.124622
