#Ne_opt: 27328.125, f_opt: 19303307285.720787, n_iters: 10, n_calls: 20, flag: 1
call	runtime	Ne	ll
0	580.902	30000.0	-19314375870.41305
1	1119.691	31500.0	-19329439100.37259
2	1693.813	28500.0	-19305498703.716606
3	2241.864	27000.0	-19303493555.06004
4	2799.988	24000.0	-19323392941.362686
5	3347.319	25500.0	-19309147012.510883
6	3893.205	27750.0	-19303591198.252876
7	4439.615	26250.0	-19305308715.895576
8	4991.923	27375.0	-19303310111.302612
9	5531.431	27187.5	-19303343038.254696
10	6068.268	27562.5	-19303393129.940376
11	6604.95	27281.25	-19303311987.193146
12	7150.55	27468.75	-19303337082.475178
13	7697.554	27328.125	-19303307285.720787
14	8238.443	27351.5625	-19303307661.07364
15	8779.918	27304.6875	-19303308737.443424
16	9318.838	27339.84375	-19303307333.465187
