#Ne_opt: 27884.765625, f_opt: 6978213014.348219, n_iters: 10, n_calls: 20, flag: 1
call	runtime	Ne	ll
0	271.1	30000.0	-6980596648.850901
1	485.227	31500.0	-6984941406.637461
2	715.103	28500.0	-6978422774.282201
3	954.417	27000.0	-6978658314.062614
4	1184.503	27750.0	-6978222930.535177
5	1445.713	28125.0	-6978245579.733425
6	1664.562	27375.0	-6978359015.971289
7	1860.331	27937.5	-6978214676.70269
8	2064.257	27843.75	-6978213876.817208
9	2281.687	27890.625	-6978213047.061323
10	2496.042	27867.1875	-6978213151.82566
11	2738.723	27914.0625	-6978213555.884395
12	2968.912	27878.90625	-6978213023.015499
13	3183.281	27884.765625	-6978213014.348219
