#Ne_opt: 26519.53125, f_opt: 28216038227.21306, n_iters: 10, n_calls: 20, flag: 1
call	runtime	Ne	ll
0	1777.356	30000.0	-28244371173.570114
1	3431.127	31500.0	-28272143946.557384
2	5084.512	28500.0	-28225522617.165916
3	6719.749	27000.0	-28216614304.633736
4	8378.602	24000.0	-28233367417.574112
5	10017.536	25500.0	-28218776762.305733
6	11637.923	26250.0	-28216231592.257347
7	13226.534	26625.0	-28216066858.723896
8	14797.926	26437.5	-28216056781.376274
9	16384.434	26531.25	-28216040189.370346
10	17948.933	26484.375	-28216041204.98565
11	19546.49	26578.125	-28216044154.32582
12	21104.507	26507.8125	-28216039823.34604
13	22540.285	26519.53125	-28216038227.21306
