#Ne_opt: 26953.125, f_opt: 11048370013.223812, n_iters: 10, n_calls: 20, flag: 1
call	runtime	Ne	ll
0	363.299	30000.0	-11056715168.999182
1	666.148	31500.0	-11066334162.777632
2	975.238	28500.0	-11050600780.532356
3	1285.436	27000.0	-11048372480.21534
4	1597.301	24000.0	-11057449621.515455
5	1908.285	25500.0	-11050478521.503944
6	2225.202	26250.0	-11048852594.765652
7	2539.734	27750.0	-11048974750.494822
8	2850.053	26625.0	-11048473319.305561
9	3158.788	27375.0	-11048542159.503141
10	3479.86	26812.5	-11048388536.755695
11	3801.914	27187.5	-11048424034.534836
12	4116.841	26906.25	-11048372106.090256
13	4424.333	26953.125	-11048370013.223812
14	4736.002	26929.6875	-11048370660.4592
15	5055.193	26976.5625	-11048370783.856552
16	5372.525	26941.40625	-11048370429.056244
