#Ne_opt: 25359.375, f_opt: 33064333882.14679, n_iters: 10, n_calls: 20, flag: 1
call	runtime	Ne	ll
0	2893.281	30000.0	-33127581784.807396
1	5742.088	31500.0	-33171090892.702072
2	8534.58	28500.0	-33094431713.685867
3	11431.192	27000.0	-33072951889.823242
4	14361.835	24000.0	-33070400516.088448
5	17238.321	21000.0	-33134051044.10604
6	20185.611	25500.0	-33064407212.03586
7	23082.465	24750.0	-33065513096.65275
8	25923.969	26250.0	-33066965622.777237
9	28804.757	25125.0	-33064482518.07504
10	31711.62	25875.0	-33065255241.20417
11	34438.005	25312.5	-33064346301.776253
12	37243.741	25406.25	-33064365625.085052
13	39670.542	25218.75	-33064370685.870697
14	42037.114	25359.375	-33064333882.14679
15	44381.787	25335.9375	-33064339462.58229
