#Ne_opt: 27515.625, f_opt: 28591512502.2181, n_iters: 9, n_calls: 20, flag: 1
call	runtime	Ne	ll
0	1098.374	30000.0	-28605882978.713234
1	2091.775	31500.0	-28627078525.660896
2	3080.273	28500.0	-28593889843.179474
3	4065.383	27000.0	-28592135905.750183
4	5050.272	24000.0	-28624226120.08433
5	6032.465	25500.0	-28601781531.19995
6	6998.064	27750.0	-28591662250.725426
7	7961.687	27375.0	-28591550921.9533
8	8913.019	27562.5	-28591524788.440052
9	9878.822	27468.75	-28591517157.73504
10	10838.272	27515.625	-28591512502.2181
11	11814.992	27492.1875	-28591512958.338913
12	12794.18	27539.0625	-28591516176.584343
13	13769.259	27503.90625	-28591513680.55591
