#Ne_opt: 26812.5, f_opt: 11405863669.319792, n_iters: 9, n_calls: 20, flag: 1
call	runtime	Ne	ll
0	247.857	30000.0	-11415400389.101189
1	469.922	31500.0	-11425870240.04813
2	702.442	28500.0	-11408608012.431345
3	941.655	27000.0	-11405897046.857412
4	1199.088	24000.0	-11414657245.00254
5	1434.47	25500.0	-11407724136.018642
6	1657.623	26250.0	-11406208840.039574
7	1879.269	27750.0	-11406715180.631922
8	2081.242	26625.0	-11405907088.196327
9	2289.931	27375.0	-11406166649.62917
10	2531.297	26812.5	-11405863669.319792
11	2779.438	26906.25	-11405870113.070358
12	3014.953	26718.75	-11405877038.139019
13	3227.244	26859.375	-11405864227.144676
14	3407.307	26765.625	-11405867689.686676
15	3596.801	26835.9375	-11405866250.562775
16	3775.962	26789.0625	-11405866487.207508
