#Ne_opt: 27363.28125, f_opt: 4753995282.406896, n_iters: 10, n_calls: 20, flag: 1
call	runtime	Ne	ll
0	132.206	30000.0	-4756633709.858479
1	227.896	31500.0	-4760279850.811394
2	321.745	28500.0	-4754501802.137222
3	420.483	27000.0	-4754049994.229792
4	516.536	24000.0	-4758999634.711162
5	612.107	25500.0	-4755472756.978393
6	705.871	27750.0	-4754054379.766126
7	801.858	26250.0	-4754513622.543479
8	892.793	27375.0	-4753995311.094633
9	986.321	27187.5	-4754008229.537705
10	1079.382	27562.5	-4754010814.428172
11	1174.106	27281.25	-4753998186.235917
12	1267.218	27468.75	-4753999525.017721
13	1364.926	27328.125	-4753995850.7252865
14	1457.663	27421.875	-4753996530.745811
15	1552.162	27351.5625	-4753995354.440645
16	1647.145	27398.4375	-4753995697.451163
17	1743.259	27363.28125	-4753995282.406896
