#Ne_opt: 26953.125, f_opt: 21910181862.386684, n_iters: 9, n_calls: 20, flag: 1
call	runtime	Ne	ll
0	1099.64	30000.0	-21927295667.177902
1	2105.77	31500.0	-21946757928.15129
2	3119.483	28500.0	-21914847613.08986
3	4125.36	27000.0	-21910194900.78512
4	5204.679	24000.0	-21928010971.272667
5	6233.841	25500.0	-21914230005.310455
6	7291.012	26250.0	-21911065469.39415
7	8373.321	27750.0	-21911495607.945435
8	9438.821	26625.0	-21910350098.572014
9	10472.028	27375.0	-21910581100.35558
10	11468.892	26812.5	-21910202108.01902
11	12464.836	27187.5	-21910321706.05584
12	13464.461	26906.25	-21910186368.659954
13	14447.324	26953.125	-21910181862.386684
14	15429.198	26929.6875	-21910184854.75824
15	16431.822	26976.5625	-21910189629.830048
16	17390.902	26941.40625	-21910188147.001945
