#Ne_opt: 26578.125, f_opt: 22091864303.516716, n_iters: 9, n_calls: 20, flag: 1
call	runtime	Ne	ll
0	657.053	30000.0	-22114075719.27125
1	1325.659	31500.0	-22136094327.187187
2	2099.574	28500.0	-22099203315.175488
3	2895.463	27000.0	-22092268166.53784
4	3693.897	24000.0	-22106009007.568222
5	4495.58	25500.0	-22094176845.865692
6	5300.502	26250.0	-22092054909.213108
7	6064.013	26625.0	-22091875843.688038
8	6820.794	26437.5	-22091891808.085205
9	7527.391	26812.5	-22091998565.111904
10	8216.977	26531.25	-22091868490.880394
11	8871.251	26578.125	-22091864303.516716
12	9546.786	26554.6875	-22091872464.247635
13	10141.049	26601.5625	-22091867216.459988
