#Ne_opt: 26062.5, f_opt: 17867252229.003235, n_iters: 9, n_calls: 20, flag: 1
call	runtime	Ne	ll
0	679.273	30000.0	-17890700779.472923
1	1320.353	31500.0	-17910453447.686554
2	1968.446	28500.0	-17876572623.330704
3	2616.044	27000.0	-17868691513.351578
4	3274.248	24000.0	-17874674513.060677
5	3935.321	25500.0	-17867775278.027206
6	4597.883	26250.0	-17867313403.92553
7	5264.912	25875.0	-17867308314.135963
8	5923.427	26062.5	-17867252229.003235
9	6579.036	25968.75	-17867265034.964367
10	7228.574	26156.25	-17867267357.556873
11	7881.013	26015.625	-17867254030.778755
12	8541.249	26109.375	-17867255476.893784
13	9199.615	26039.0625	-17867254044.42843
14	9841.933	26085.9375	-17867254007.945835
