#Ne_opt: 27105.46875, f_opt: 19014190199.753124, n_iters: 10, n_calls: 20, flag: 1
call	runtime	Ne	ll
0	794.409	30000.0	-19027040171.53398
1	1674.93	31500.0	-19042829173.402008
2	2556.522	28500.0	-19017278410.4523
3	3399.751	27000.0	-19014207760.952988
4	4204.528	24000.0	-19031354057.521908
5	4947.986	25500.0	-19018595572.589523
6	5741.96	27750.0	-19014862048.20623
7	6483.888	26250.0	-19015416459.241524
8	7198.235	27375.0	-19014308829.14955
9	7881.104	26625.0	-19014572051.388638
10	8552.673	27187.5	-19014201097.904446
11	9266.061	27093.75	-19014190418.798046
12	9972.493	27140.625	-19014191641.677864
13	10739.33	27046.875	-19014194670.768692
14	11447.677	27117.1875	-19014191074.257225
15	12154.263	27070.3125	-19014191533.392437
16	12843.153	27105.46875	-19014190199.753124
