#Ne_opt: 26566.40625, f_opt: 8765284253.168755, n_iters: 10, n_calls: 20, flag: 1
call	runtime	Ne	ll
0	261.878	30000.0	-8773871213.336689
1	526.962	31500.0	-8782432906.507824
2	803.425	28500.0	-8768102149.472912
3	1041.685	27000.0	-8765430317.087378
4	1286.953	24000.0	-8770871299.444637
5	1566.677	25500.0	-8766212584.625622
6	1830.021	26250.0	-8765364976.124596
7	2082.757	26625.0	-8765286802.019756
8	2318.252	26437.5	-8765297779.706505
9	2559.639	26812.5	-8765331250.2306
10	2818.819	26531.25	-8765285326.91168
11	3070.518	26578.125	-8765284308.674614
12	3320.646	26554.6875	-8765284408.237541
13	3573.485	26601.5625	-8765285112.500275
14	3818.146	26566.40625	-8765284253.168755
