#Ne_opt: 25910.15625, f_opt: 29707507814.187256, n_iters: 10, n_calls: 20, flag: 1
call	runtime	Ne	ll
0	2852.231	30000.0	-29750125515.96526
1	6096.858	31500.0	-29784077717.897366
2	9261.284	28500.0	-29725334625.842525
3	12544.439	27000.0	-29710892844.218338
4	15893.429	24000.0	-29717830503.225273
5	19173.533	25500.0	-29707911325.63138
6	22367.85	26250.0	-29707880847.38186
7	25683.344	25875.0	-29707517512.56385
8	28926.712	26062.5	-29707600201.463074
9	32125.147	25687.5	-29707635951.948017
10	35285.12	25968.75	-29707528097.278435
11	38371.984	25781.25	-29707540273.274918
12	41184.711	25921.875	-29707516295.239613
13	43765.532	25898.4375	-29707512903.10045
14	46358.487	25910.15625	-29707507814.187256
