#Ne_opt: 26578.125, f_opt: 16492489826.231186, n_iters: 10, n_calls: 20, flag: 1
call	runtime	Ne	ll
0	911.675	30000.0	-16508445752.990767
1	1730.761	31500.0	-16524497514.836954
2	2534.74	28500.0	-16497655573.179665
3	3386.473	27000.0	-16492734543.862766
4	4273.99	24000.0	-16503288406.484432
5	5137.83	25500.0	-16494342789.272266
6	5995.854	26250.0	-16492673722.089565
7	6860.924	26625.0	-16492494407.158499
8	7699.148	26437.5	-16492529390.698933
9	8574.299	26812.5	-16492557353.31388
10	9415.857	26531.25	-16492497478.232304
11	10278.471	26718.75	-16492516327.517197
12	11108.432	26578.125	-16492489826.231186
13	11943.36	26601.5625	-16492490088.982796
14	12813.529	26554.6875	-16492496944.702448
15	13658.1	26589.84375	-16492489853.880259
