#Ne_opt: 29654.296875, f_opt: 5490277323.428837, n_iters: 9, n_calls: 18, flag: 0
call	runtime	Ne	ll
0	97.335	30000.0	-5490326425.270835
1	164.271	31500.0	-5491617703.325986
2	238.233	28500.0	-5490834665.013787
3	307.073	29250.0	-5490344041.981123
4	382.801	30750.0	-5490758243.2321415
5	454.437	29625.0	-5490277619.785844
6	523.408	29812.5	-5490287805.947909
7	593.548	29437.5	-5490296242.991673
8	663.297	29718.75	-5490279136.960264
9	732.792	29531.25	-5490283306.668009
10	801.019	29671.875	-5490277481.825737
11	868.984	29648.4375	-5490277326.713321
12	941.417	29660.15625	-5490277348.170064
13	1017.548	29636.71875	-5490277416.652608
14	1089.963	29654.296875	-5490277323.428837
