#Ne_opt: 26847.65625, f_opt: 11516261439.006706, n_iters: 10, n_calls: 20, flag: 1
call	runtime	Ne	ll
0	289.089	30000.0	-11525797359.134605
1	533.952	31500.0	-11536353981.566406
2	778.823	28500.0	-11518972356.020947
3	1028.144	27000.0	-11516286235.588722
4	1273.029	24000.0	-11525317682.951344
5	1517.695	25500.0	-11518213655.87954
6	1767.967	26250.0	-11516640639.149418
7	2014.09	27750.0	-11517084101.088295
8	2256.245	26625.0	-11516315117.663458
9	2498.386	27375.0	-11516545364.242706
10	2738.178	26812.5	-11516263883.386255
11	2981.767	26906.25	-11516266335.417618
12	3223.898	26718.75	-11516281310.958801
13	3468.304	26859.375	-11516263249.41283
14	3714.902	26835.9375	-11516263390.067165
15	3958.834	26882.8125	-11516264862.306364
16	4203.266	26847.65625	-11516261439.006706
