#Ne_opt: 25570.3125, f_opt: 9538119849.771372, n_iters: 10, n_calls: 20, flag: 1
call	runtime	Ne	ll
0	412.97	30000.0	-9553964615.302464
1	751.658	31500.0	-9565593921.873932
2	1129.79	28500.0	-9545280022.6335
3	1518.596	27000.0	-9539874839.305435
4	1902.846	24000.0	-9540485049.611847
5	2285.32	25500.0	-9538126525.538063
6	2651.014	26250.0	-9538517365.974289
7	3023.934	24750.0	-9538764552.853365
8	3453.922	25875.0	-9538198408.985275
9	3916.76	25125.0	-9538313189.032486
10	4346.666	25687.5	-9538131835.245583
11	4734.3	25312.5	-9538187528.184483
12	5047.309	25593.75	-9538122206.393524
13	5368.562	25546.875	-9538121924.452808
14	5669.079	25570.3125	-9538119849.771372
15	5965.257	25558.59375	-9538121383.441769
