#Ne_opt: 26414.0625, f_opt: 25598421287.200157, n_iters: 9, n_calls: 20, flag: 1
call	runtime	Ne	ll
0	1158.524	30000.0	-25626281278.92753
1	2221.849	31500.0	-25652489119.159096
2	3251.009	28500.0	-25608228502.885216
3	4280.124	27000.0	-25599247479.3948
4	5326.183	24000.0	-25612837635.794193
5	6377.406	25500.0	-25600372937.545982
6	7423.203	26250.0	-25598475228.764633
7	8462.322	26625.0	-25598535984.94625
8	9540.272	25875.0	-25599084554.437332
9	10589.987	26437.5	-25598421998.64099
10	11615.139	26343.75	-25598432565.212452
11	12651.103	26531.25	-25598460085.358868
12	13681.279	26390.625	-25598423691.346207
13	14721.231	26484.375	-25598434398.21727
14	15768.976	26414.0625	-25598421287.200157
15	16792.289	26425.78125	-25598425149.020195
