#Ne_opt: 26472.65625, f_opt: 12408003699.777512, n_iters: 10, n_calls: 20, flag: 1
call	runtime	Ne	ll
0	260.3	30000.0	-12420760811.540703
1	511.966	31500.0	-12433050448.182747
2	760.351	28500.0	-12412372810.92978
3	1004.174	27000.0	-12408312655.95529
4	1254.157	24000.0	-12415266073.691622
5	1502.1	25500.0	-12409080163.713665
6	1749.39	26250.0	-12408058343.079515
7	1994.964	26625.0	-12408030397.907288
8	2244.848	26437.5	-12408005008.001883
9	2489.612	26531.25	-12408008047.93752
10	2733.635	26343.75	-12408021876.31494
11	2981.298	26484.375	-12408004117.188896
12	3232.463	26460.9375	-12408003953.460655
13	3485.187	26472.65625	-12408003699.777512
