#Ne_opt: 25851.5625, f_opt: 29756004006.418755, n_iters: 10, n_calls: 20, flag: 1
call	runtime	Ne	ll
0	1557.748	30000.0	-29799351666.41638
1	3088.306	31500.0	-29833405647.009663
2	4634.211	28500.0	-29774372492.687237
3	6199.898	27000.0	-29759650394.54492
4	7750.483	24000.0	-29765774514.759247
5	9293.947	25500.0	-29756316350.949116
6	10803.183	26250.0	-29756476239.459534
7	12293.921	24750.0	-29759371096.113518
8	13819.047	25875.0	-29756012080.58531
9	15348.593	25687.5	-29756071885.496414
10	16850.544	26062.5	-29756148556.298737
11	18331.06	25781.25	-29756015129.674805
12	19926.588	25968.75	-29756054419.968513
13	21861.101	25828.125	-29756006960.44467
14	23924.272	25851.5625	-29756004006.418755
15	25728.367	25839.84375	-29756005685.532692
