#Ne_opt: 30234.375, f_opt: 5498628028.23938, n_iters: 10, n_calls: 20, flag: 1
call	runtime	Ne	ll
0	56.093	30000.0	-5498649911.261625
1	102.747	31500.0	-5499236910.321669
2	148.48	28500.0	-5499855502.709112
3	194.627	30750.0	-5498730424.628117
4	241.763	29250.0	-5499017196.765385
5	286.871	30375.0	-5498635598.013592
6	332.688	30187.5	-5498628940.375515
7	379.85	30281.25	-5498628836.819656
8	430.236	30234.375	-5498628028.23938
9	475.176	30257.8125	-5498628217.587437
10	522.178	30210.9375	-5498628269.099722
11	568.977	30246.09375	-5498628069.210261
12	615.123	30222.65625	-5498628094.865425
13	660.584	30240.234375	-5498628035.2753725
14	707.781	30228.515625	-5498628048.096519
15	753.35	30237.3046875	-5498628028.38828
