#Ne_opt: 26472.65625, f_opt: 8780229990.349264, n_iters: 10, n_calls: 20, flag: 1
call	runtime	Ne	ll
0	120.731	30000.0	-8789265440.209635
1	237.115	31500.0	-8797985836.79552
2	352.011	28500.0	-8783317180.876972
3	477.271	27000.0	-8780444759.359283
4	596.638	24000.0	-8785412181.161823
5	716.672	25500.0	-8781003037.319653
6	832.59	26250.0	-8780270602.23441
7	948.876	26625.0	-8780247535.724915
8	1062.144	26437.5	-8780231146.61177
9	1178.344	26531.25	-8780232428.80414
10	1292.53	26343.75	-8780243858.625393
11	1408.639	26484.375	-8780230055.454874
12	1527.234	26460.9375	-8780230173.342817
13	1642.559	26507.8125	-8780230805.010527
14	1761.691	26472.65625	-8780229990.349264
