#Ne_opt: 27386.71875, f_opt: 4761958859.384622, n_iters: 10, n_calls: 20, flag: 1
call	runtime	Ne	ll
0	60.052	30000.0	-4764534146.034853
1	110.528	31500.0	-4768124236.50242
2	158.158	28500.0	-4762444019.271254
3	206.635	27000.0	-4762018572.672401
4	257.695	24000.0	-4766968943.353361
5	308.739	25500.0	-4763450644.233082
6	358.906	27750.0	-4762011924.055395
7	410.772	27375.0	-4761958898.250934
8	462.804	27562.5	-4761971511.910218
9	512.382	27187.5	-4761974436.023725
10	564.753	27468.75	-4761961700.552409
11	612.213	27281.25	-4761963110.319603
12	660.841	27421.875	-4761959419.568593
13	710.835	27328.125	-4761960108.892648
14	759.267	27398.4375	-4761958936.301879
15	806.383	27351.5625	-4761959275.888266
16	855.185	27386.71875	-4761958859.384622
