#Ne_opt: 26132.8125, f_opt: 17894882242.977253, n_iters: 10, n_calls: 20, flag: 1
call	runtime	Ne	ll
0	544.146	30000.0	-17917062180.348255
1	1066.28	31500.0	-17936253734.89994
2	1601.11	28500.0	-17903455415.809967
3	2152.322	27000.0	-17896055376.098175
4	2706.115	24000.0	-17902863007.356667
5	3253.525	25500.0	-17895575611.973915
6	3788.106	26250.0	-17894901228.65898
7	4335.202	25875.0	-17895004278.6964
8	4870.762	26625.0	-17895255345.600113
9	5418.132	26062.5	-17894893953.63602
10	5981.094	26156.25	-17894882389.27398
11	6548.144	26109.375	-17894884230.209763
12	7087.531	26203.125	-17894889058.661026
13	7644.937	26132.8125	-17894882242.977253
14	8215.386	26144.53125	-17894882320.410408
