#Ne_opt: 27398.4375, f_opt: 11067150411.972645, n_iters: 10, n_calls: 20, flag: 1
call	runtime	Ne	ll
0	228.021	30000.0	-11073045692.232738
1	439.888	31500.0	-11081329645.980103
2	656.122	28500.0	-11068242545.900995
3	871.013	27000.0	-11067300485.685558
4	1092.821	24000.0	-11078866872.753716
5	1313.812	25500.0	-11070665383.890984
6	1532.403	27750.0	-11067262700.18747
7	1746.941	27375.0	-11067151020.520739
8	1962.787	27562.5	-11067174517.201176
9	2177.062	27187.5	-11067192689.195019
10	2392.574	27468.75	-11067154538.38491
11	2606.805	27281.25	-11067163407.850483
12	2821.868	27421.875	-11067150837.53115
13	3039.902	27398.4375	-11067150411.972645
14	3254.369	27410.15625	-11067150432.413223
