#Ne_opt: 27152.34375, f_opt: 25652623900.552948, n_iters: 10, n_calls: 20, flag: 1
call	runtime	Ne	ll
0	729.628	30000.0	-25669467179.132042
1	1448.565	31500.0	-25690497259.152897
2	2166.498	28500.0	-25656555509.28308
3	2888.368	27000.0	-25652674763.870483
4	3628.32	24000.0	-25676328517.573875
5	4383.377	25500.0	-25658857856.941246
6	5129.541	27750.0	-25653426168.788467
7	5880.448	26250.0	-25654437060.85186
8	6628.268	27375.0	-25652745282.45394
9	7357.084	26625.0	-25653230377.26893
10	8096.008	27187.5	-25652632792.57627
11	8835.915	27093.75	-25652637188.903107
12	9543.469	27281.25	-25652670121.99916
13	10237.329	27140.625	-25652627807.149567
14	10923.406	27164.0625	-25652628425.635685
15	11618.92	27117.1875	-25652633122.719204
16	12305.016	27152.34375	-25652623900.552948
