#Ne_opt: 28171.875, f_opt: 16542723089.318684, n_iters: 9, n_calls: 20, flag: 1
call	runtime	Ne	ll
0	358.987	30000.0	-16547170138.31791
1	707.023	31500.0	-16556689782.017096
2	1053.903	28500.0	-16542904246.876955
3	1405.102	27000.0	-16544470810.480858
4	1766.055	27750.0	-16542920773.501364
5	2116.572	29250.0	-16544344760.014244
6	2462.285	28125.0	-16542723647.520248
7	2808.663	28312.5	-16542763456.687635
8	3159.363	27937.5	-16542772874.0288
9	3513.11	28218.75	-16542732625.181559
10	3864.816	28031.25	-16542738246.351929
11	4210.318	28171.875	-16542723089.318684
12	4556.851	28148.4375	-16542723314.131153
13	4899.712	28195.3125	-16542726192.970291
14	5245.52	28160.15625	-16542732511.793228
15	5593.8	28183.59375	-16542729639.80964
