#Ne_opt: 25968.75, f_opt: 33131040830.17305, n_iters: 9, n_calls: 20, flag: 1
call	runtime	Ne	ll
0	1696.813	30000.0	-33177079440.546936
1	3425.667	31500.0	-33214560491.7134
2	5153.634	28500.0	-33149919262.53823
3	6962.086	27000.0	-33134357405.762066
4	8694.3	24000.0	-33143465499.774353
5	10255.667	25500.0	-33131677795.111324
6	11775.381	26250.0	-33131312589.988758
7	13271.94	25875.0	-33131069324.643517
8	14662.35	26062.5	-33131078576.444458
9	16049.371	25687.5	-33131275000.030724
10	17433.308	25968.75	-33131040830.17305
11	18819.093	25921.875	-33131044571.30445
12	20202.912	26015.625	-33131053678.07119
13	21594.56	25945.3125	-33131050614.763245
14	22997.065	25992.1875	-33131049892.827774
