#Ne_opt: 27175.78125, f_opt: 11419285514.07648, n_iters: 10, n_calls: 20, flag: 1
call	runtime	Ne	ll
0	140.085	30000.0	-11426802024.686646
1	274.02	31500.0	-11436244417.287958
2	402.851	28500.0	-11421023807.76321
3	536.628	27000.0	-11419310889.919247
4	667.711	24000.0	-11430024714.608402
5	801.66	25500.0	-11422124202.612194
6	926.829	27750.0	-11419631631.974787
7	1058.562	26250.0	-11420118044.976524
8	1188.274	27375.0	-11419332742.328066
9	1323.231	26625.0	-11419569057.748398
10	1457.505	27187.5	-11419286566.797007
11	1585.853	27093.75	-11419289081.56487
12	1712.204	27281.25	-11419300759.24535
13	1838.169	27140.625	-11419287413.953178
14	1962.249	27234.375	-11419291965.00981
15	2087.979	27164.0625	-11419286449.40456
16	2212.155	27175.78125	-11419285514.07648
