#Ne_opt: 28687.5, f_opt: 22204056194.062393, n_iters: 10, n_calls: 20, flag: 1
call	runtime	Ne	ll
0	493.204	30000.0	-22207010066.48692
1	975.478	31500.0	-22217050386.050747
2	1456.966	28500.0	-22204115827.321674
3	1948.234	27000.0	-22209126552.343468
4	2431.261	29250.0	-22204626395.05282
5	2931.67	27750.0	-22205582332.96504
6	3424.238	28875.0	-22204131905.870155
7	3926.027	28125.0	-22204592871.590683
8	4423.558	28687.5	-22204056194.062393
9	4923.335	28593.75	-22204077721.45069
10	5386.405	28781.25	-22204084697.485878
11	5847.255	28640.625	-22204068570.291126
12	6307.89	28734.375	-22204074939.24797
13	6766.858	28664.0625	-22204063918.06089
14	7222.183	28710.9375	-22204058601.543915
15	7677.004	28699.21875	-22204057896.98516
16	8132.572	28675.78125	-22204063036.003147
17	8586.873	28693.359375	-22204056323.495094
