#Ne_opt: 27292.96875, f_opt: 28282500432.78698, n_iters: 10, n_calls: 20, flag: 1
call	runtime	Ne	ll
0	1052.433	30000.0	-28298971898.31642
1	2098.134	31500.0	-28320933581.401714
2	3152.58	28500.0	-28285894577.35488
3	4215.503	27000.0	-28282708113.416115
4	5217.695	24000.0	-28310743641.55144
5	6215.498	25500.0	-28290541048.784576
6	7218.459	27750.0	-28282997983.739914
7	8216.214	26250.0	-28285167701.51393
8	9202.977	27375.0	-28282517579.051804
9	10178.86	27187.5	-28282527099.48047
10	11140.878	27562.5	-28282675132.018738
11	12099.407	27281.25	-28282503034.76027
12	13078.927	27328.125	-28282505163.02893
13	14058.504	27234.375	-28282508525.41815
14	15043.343	27304.6875	-28282501166.52685
15	16024.732	27292.96875	-28282500432.78698
