#Ne_opt: 27703.125, f_opt: 6999060562.129549, n_iters: 10, n_calls: 20, flag: 1
call	runtime	Ne	ll
0	119.963	30000.0	-7001849858.615219
1	223.284	31500.0	-7006429395.773697
2	327.042	28500.0	-6999408530.244156
3	436.083	27000.0	-6999340928.465092
4	547.796	24000.0	-7007483730.86251
5	658.782	25500.0	-7001923745.972287
6	770.896	27750.0	-6999061792.379346
7	873.553	27375.0	-6999120960.280519
8	985.438	28125.0	-6999159032.707281
9	1093.095	27562.5	-6999071563.183802
10	1198.912	27937.5	-6999091112.398178
11	1302.147	27656.25	-6999061751.308619
12	1413.08	27703.125	-6999060562.129549
13	1518.582	27679.6875	-6999060853.724923
14	1626.311	27726.5625	-6999060865.305835
15	1731.987	27691.40625	-6999060614.194801
