#Ne_opt: 25265.625, f_opt: 9557839137.944395, n_iters: 9, n_calls: 20, flag: 1
call	runtime	Ne	ll
0	215.438	30000.0	-9576206031.472965
1	417.307	31500.0	-9588581753.100628
2	633.368	28500.0	-9566735121.004183
3	870.955	27000.0	-9560506250.716263
4	1095.507	24000.0	-9559340995.698982
5	1336.047	21000.0	-9576672794.539034
6	1548.891	25500.0	-9557892966.301783
7	1773.296	24750.0	-9558080653.18666
8	2002.878	26250.0	-9558721731.776777
9	2230.202	25125.0	-9557856118.08455
10	2454.395	25312.5	-9557842153.475273
11	2648.145	25218.75	-9557840131.090569
12	2879.359	25265.625	-9557839137.944395
13	3112.101	25242.1875	-9557840606.32134
