#Ne_opt: 28007.8125, f_opt: 24911688894.84337, n_iters: 9, n_calls: 20, flag: 1
call	runtime	Ne	ll
0	915.101	30000.0	-24919117351.407776
1	1818.713	31500.0	-24933989555.453632
2	2732.509	28500.0	-24912124226.636356
3	3681.704	27000.0	-24913876709.62387
4	4618.075	27750.0	-24911850006.20888
5	5549.267	28125.0	-24911705890.276466
6	6481.574	27937.5	-24911706045.7743
7	7425.704	28312.5	-24911842648.16933
8	8358.407	28031.25	-24911689673.02416
9	9273.177	28078.125	-24911692824.618965
10	10174.161	27984.375	-24911699291.14142
11	11063.921	28054.6875	-24911693307.651825
12	11933.48	28007.8125	-24911688894.84337
