#Ne_opt: 27609.375, f_opt: 21968141053.562477, n_iters: 9, n_calls: 20, flag: 1
call	runtime	Ne	ll
0	691.304	30000.0	-21977890706.69211
1	1351.948	31500.0	-21993266967.2274
2	2027.97	28500.0	-21969503576.84628
3	2728.427	27000.0	-21968876426.59707
4	3402.924	24000.0	-21994632173.68743
5	4110.159	25500.0	-21976901913.26831
6	4802.489	27750.0	-21968169296.940514
7	5499.237	27375.0	-21968261404.07406
8	6209.221	28125.0	-21968586563.089382
9	6893.565	27562.5	-21968146104.588737
10	7576.683	27656.25	-21968143394.971066
11	8235.924	27609.375	-21968141053.562477
12	8929.824	27632.8125	-21968142870.208565
13	9628.014	27585.9375	-21968141705.961235
14	10304.046	27597.65625	-21968146233.214592
