#Ne_opt: 27703.125, f_opt: 19333124756.88578, n_iters: 9, n_calls: 20, flag: 1
call	runtime	Ne	ll
0	477.223	30000.0	-19341147876.078415
1	947.518	31500.0	-19354327682.878983
2	1405.654	28500.0	-19334122921.747345
3	1875.32	27000.0	-19333935120.98851
4	2342.836	24000.0	-19357351932.28418
5	2811.256	25500.0	-19341368653.324383
6	3270.314	27750.0	-19333128797.298935
7	3729.256	27375.0	-19333301173.141632
8	4195.525	28125.0	-19333406666.436363
9	4654.396	27562.5	-19333157027.995537
10	5106.144	27937.5	-19333212161.48958
11	5565.92	27656.25	-19333129105.52527
12	6021.014	27843.75	-19333156515.778923
13	6485.843	27703.125	-19333124756.88578
14	6946.484	27726.5625	-19333126077.300575
15	7412.601	27679.6875	-19333125458.091095
16	7879.442	27691.40625	-19333125654.446022
