#Ne_opt: 30164.0625, f_opt: 11581571904.842785, n_iters: 9, n_calls: 20, flag: 1
call	runtime	Ne	ll
0	228.017	30000.0	-11581597871.516153
1	409.677	31500.0	-11582957967.795559
2	594.09	28500.0	-11583958425.880287
3	767.267	30750.0	-11581836946.738949
4	941.047	29250.0	-11582289971.69701
5	1116.406	30375.0	-11581604974.724884
6	1293.139	29625.0	-11581825976.43398
7	1472.615	30187.5	-11581574699.923948
8	1651.103	30093.75	-11581579670.225555
9	1824.913	30281.25	-11581582280.086678
10	1997.338	30140.625	-11581574687.043709
11	2170.708	30164.0625	-11581571904.842785
12	2346.427	30152.34375	-11581572314.738426
13	2525.885	30175.78125	-11581572298.013592
14	2701.319	30169.921875	-11581573188.558165
15	2882.321	30158.203125	-11581573183.291733
