#Ne_opt: 27199.21875, f_opt: 14574097954.10468, n_iters: 10, n_calls: 20, flag: 1
call	runtime	Ne	ll
0	248.186	30000.0	-14583389343.464108
1	487.663	31500.0	-14595268077.199652
2	724.222	28500.0	-14576179314.83973
3	957.63	27000.0	-14574146705.373426
4	1197.005	24000.0	-14588100534.567131
5	1432.931	25500.0	-14577885868.74003
6	1665.698	27750.0	-14574480874.961882
7	1897.419	26250.0	-14575253745.810455
8	2131.638	27375.0	-14574138686.693037
9	2363.844	27187.5	-14574098341.94643
10	2595.343	27281.25	-14574107280.770508
11	2831.018	27093.75	-14574111357.508585
12	3064.827	27234.375	-14574099933.977139
13	3301.747	27140.625	-14574102024.371613
14	3538.206	27210.9375	-14574098347.738838
15	3781.754	27164.0625	-14574099321.423374
16	4019.482	27199.21875	-14574097954.10468
