#Ne_opt: 27808.59375, f_opt: 19047007245.141163, n_iters: 9, n_calls: 20, flag: 1
call	runtime	Ne	ll
0	434.115	30000.0	-19054049050.368477
1	859.199	31500.0	-19066360843.540817
2	1297.716	28500.0	-19047725363.2407
3	1725.384	27000.0	-19048054521.310562
4	2158.632	27750.0	-19047013805.200607
5	2581.252	28125.0	-19047156527.911205
6	3008.242	27375.0	-19047309629.792416
7	3432.813	27937.5	-19047031156.06875
8	3856.941	27562.5	-19047105440.64876
9	4288.402	27843.75	-19047009054.07835
10	4724.205	27796.875	-19047007457.90352
11	5160.426	27820.3125	-19047007786.18075
12	5593.7	27773.4375	-19047009518.86137
13	6028.772	27808.59375	-19047007245.141163
14	6461.306	27802.734375	-19047007560.605495
