#Ne_opt: 34781.25, f_opt: 19274724525.849632, n_iters: 9, n_calls: 20, flag: 1
call	runtime	Ne	ll
0	3114.514	30000.0	-19297122152.03711
1	5818.83	31500.0	-19284880499.15623
2	8479.165	33000.0	-19277584300.462723
3	11118.686	34500.0	-19274783817.20183
4	13735.154	37500.0	-19281134877.87761
5	16376.66	36000.0	-19276081236.142384
6	19023.315	35250.0	-19274943322.58808
7	21708.455	33750.0	-19275647182.329025
8	24398.854	34875.0	-19274736036.63322
9	27085.347	34687.5	-19274729121.102013
10	29790.682	34781.25	-19274724525.849632
11	32488.274	34734.375	-19274725389.39088
12	35102.735	34828.125	-19274729661.27655
13	37739.393	34757.8125	-19274724755.838867
14	40381.001	34804.6875	-19274726678.38842
15	43038.209	34769.53125	-19274725392.53099
