#Ne_opt: 32285.15625, f_opt: 14541535368.67984, n_iters: 10, n_calls: 20, flag: 1
call	runtime	Ne	ll
0	2845.602	30000.0	-14545931735.482811
1	5259.93	31500.0	-14542037571.433643
2	7607.504	33000.0	-14541938428.313713
3	9530.489	34500.0	-14545285663.212986
4	11548.969	32250.0	-14541536369.247637
5	13724.953	32625.0	-14541627160.563883
6	16132.42	31875.0	-14541671238.052845
7	18365.671	32437.5	-14541553922.457077
8	20562.373	32062.5	-14541575273.791275
9	22567.658	32343.75	-14541538128.885227
10	24432.849	32156.25	-14541548715.904057
11	26315.117	32296.875	-14541535477.434414
12	28174.198	32273.4375	-14541535535.866093
13	30073.834	32320.3125	-14541536397.976141
14	31920.785	32285.15625	-14541535368.67984
15	33773.129	32291.015625	-14541535436.051245
