#Ne_opt: 34359.375, f_opt: 21864247429.77363, n_iters: 10, n_calls: 20, flag: 1
call	runtime	Ne	ll
0	5787.684	30000.0	-21885928568.236557
1	10817.386	31500.0	-21873274934.843178
2	15468.367	33000.0	-21866222168.19035
3	19819.699	34500.0	-21864268250.621487
4	24544.552	37500.0	-21873913517.248566
5	29405.729	36000.0	-21866961138.01271
6	33728.265	33750.0	-21864637414.11547
7	37776.73	35250.0	-21865059668.227016
8	42000.919	34125.0	-21864304230.37407
9	46217.512	34875.0	-21864520921.882996
10	50613.018	34312.5	-21864249501.204414
11	54243.393	34406.25	-21864249679.22544
12	57705.168	34218.75	-21864267902.309284
13	61194.358	34359.375	-21864247429.77363
14	64942.901	34335.9375	-21864247807.01298
15	69047.934	34382.8125	-21864248109.150482
16	73251.316	34347.65625	-21864247458.98458
