#Ne_opt: 32320.3125, f_opt: 6963158842.680405, n_iters: 10, n_calls: 20, flag: 1
call	runtime	Ne	ll
0	1132.747	30000.0	-6965327258.648086
1	2018.86	31500.0	-6963420822.458756
2	2874.619	33000.0	-6963333392.251076
3	3693.114	34500.0	-6964897487.683135
4	4492.963	32250.0	-6963160775.136273
5	5283.39	32625.0	-6963194305.378837
6	6024.077	31875.0	-6963235501.648357
7	6769.512	32437.5	-6963164122.397333
8	7529.439	32062.5	-6963184433.320099
9	8266.911	32343.75	-6963159099.964703
10	9024.604	32296.875	-6963159098.461789
11	9721.861	32320.3125	-6963158842.680405
12	10415.267	32308.59375	-6963158944.630594
13	11156.866	32332.03125	-6963158942.302221
14	12086.076	32326.171875	-6963158911.487997
