#Ne_opt: 33246.09375, f_opt: 22054045662.889698, n_iters: 10, n_calls: 20, flag: 1
call	runtime	Ne	ll
0	4015.349	30000.0	-22066921331.876114
1	7650.444	31500.0	-22057646746.55519
2	11516.9	33000.0	-22054113627.868748
3	15984.007	34500.0	-22055805004.490677
4	20140.917	33750.0	-22054336225.331326
5	23824.734	32250.0	-22055195263.311226
6	27713.751	33375.0	-22054065697.343353
7	31350.428	33187.5	-22054049424.009483
8	34917.092	33281.25	-22054047486.87606
9	38149.762	33234.375	-22054045987.080856
10	41303.681	33257.8125	-22054046201.36181
11	44384.58	33210.9375	-22054046944.321064
12	47574.889	33246.09375	-22054045662.889698
13	51114.882	33240.234375	-22054045682.31647
