#Ne_opt: 33474.609375, f_opt: 8753098175.17579, n_iters: 10, n_calls: 20, flag: 1
call	runtime	Ne	ll
0	1335.787	30000.0	-8758767547.333519
1	2482.126	31500.0	-8754869863.81387
2	3523.055	33000.0	-8753197543.670988
3	4602.263	34500.0	-8753545411.61394
4	5606.271	33750.0	-8753130752.851961
5	6575.4	33375.0	-8753102572.609722
6	7579.653	33562.5	-8753101477.195282
7	8647.586	33468.75	-8753098195.079094
8	9689.721	33515.625	-8753098875.599712
9	10897.914	33421.875	-8753099425.382044
10	12171.072	33492.1875	-8753098296.005333
11	13384.707	33445.3125	-8753098569.22847
12	14553.67	33480.46875	-8753098186.591879
13	15779.084	33474.609375	-8753098175.17579
