#Ne_opt: 33462.890625, f_opt: 12377724654.104982, n_iters: 10, n_calls: 20, flag: 1
call	runtime	Ne	ll
0	2015.126	30000.0	-12385609803.707336
1	3695.332	31500.0	-12380176358.47077
2	5421.099	33000.0	-12377857069.871431
3	7209.493	34500.0	-12378364909.819527
4	9039.548	33750.0	-12377774290.639812
5	10876.319	33375.0	-12377729479.336676
6	12928.033	33562.5	-12377730583.628788
7	15295.108	33187.5	-12377771477.780895
8	17570.572	33468.75	-12377724678.884655
9	19946.306	33421.875	-12377725736.147709
10	22180.299	33515.625	-12377726294.094122
11	24524.308	33445.3125	-12377724861.362337
12	26810.996	33492.1875	-12377725146.216251
13	28892.194	33457.03125	-12377724687.850876
14	30887.366	33480.46875	-12377724833.55679
15	32675.668	33462.890625	-12377724654.104982
