#Ne_opt: 36398.4375, f_opt: 24840018946.839317, n_iters: 10, n_calls: 20, flag: 1
call	runtime	Ne	ll
0	5559.771	30000.0	-24888045030.1565
1	10435.385	31500.0	-24867264472.51831
2	15303.296	33000.0	-24852724912.876762
3	19891.239	34500.0	-24843867482.24119
4	24112.065	37500.0	-24841236139.256157
5	28385.978	40500.0	-24856043408.532936
6	32882.838	36000.0	-24840184943.793766
7	37324.085	36750.0	-24840143868.41849
8	41767.726	36375.0	-24840019754.133835
9	46112.534	36562.5	-24840046240.661934
10	50632.019	36187.5	-24840065533.71672
11	54986.434	36468.75	-24840023947.924435
12	59274.307	36281.25	-24840033693.857887
13	63539.577	36421.875	-24840019877.73918
14	67821.315	36328.125	-24840024469.421516
15	72041.379	36398.4375	-24840018946.839317
