#Ne_opt: 33914.0625, f_opt: 25579816178.22747, n_iters: 10, n_calls: 20, flag: 1
call	runtime	Ne	ll
0	4984.835	30000.0	-25600310512.47172
1	9422.777	31500.0	-25587344923.379555
2	13877.118	33000.0	-25580852839.037354
3	18449.594	34500.0	-25580246107.112923
4	22849.466	37500.0	-25594671902.85364
5	27532.046	36000.0	-25584999136.286957
6	31986.077	33750.0	-25579847517.593002
7	36212.638	34125.0	-25579876213.300034
8	40353.016	33375.0	-25580170597.700146
9	44478.041	33937.5	-25579818051.528454
10	48627.026	33843.75	-25579820347.14597
11	52762.622	34031.25	-25579836511.46138
12	56890.628	33890.625	-25579818937.001396
13	61204.295	33984.375	-25579823675.10417
14	65356.714	33914.0625	-25579816178.22747
15	69594.603	33925.78125	-25579816790.72793
