#Ne_opt: 31968.75, f_opt: 11495266087.946167, n_iters: 9, n_calls: 20, flag: 1
call	runtime	Ne	ll
0	1954.462	30000.0	-11497925694.793873
1	3580.292	31500.0	-11495409342.910473
2	5224.375	33000.0	-11495960485.040674
3	6893.732	32250.0	-11495319997.286766
4	8667.181	31875.0	-11495271346.831032
5	10421.279	32062.5	-11495272624.881031
6	11977.832	31687.5	-11495317004.508284
7	13502.062	31968.75	-11495266087.946167
8	15060.398	31921.875	-11495267430.090336
9	16601.283	32015.625	-11495267897.479889
10	18200.862	31945.3125	-11495266141.688763
11	19861.893	31992.1875	-11495266617.163746
12	21608.136	31957.03125	-11495266215.586853
13	23250.738	31980.46875	-11495266272.72728
14	24813.839	31962.890625	-11495266317.878284
