#Ne_opt: 32753.90625, f_opt: 9516747386.934135, n_iters: 10, n_calls: 20, flag: 1
call	runtime	Ne	ll
0	2049.677	30000.0	-9520627926.799683
1	3702.463	31500.0	-9517528935.052992
2	5447.456	33000.0	-9516775410.851713
3	7265.051	34500.0	-9518158118.245794
4	9136.278	32250.0	-9516872848.841927
5	10973.098	33750.0	-9517211765.262661
6	12822.474	32625.0	-9516755990.931252
7	14660.113	32812.5	-9516748964.393648
8	16478.124	32718.75	-9516748174.495544
9	18328.346	32765.625	-9516747641.76758
10	20180.646	32742.1875	-9516747569.880482
11	22056.445	32753.90625	-9516747386.934135
12	23844.514	32748.046875	-9516747454.141634
