#Ne_opt: 33914.0625, f_opt: 17840428355.10086, n_iters: 10, n_calls: 20, flag: 1
call	runtime	Ne	ll
0	3655.0	30000.0	-17854523260.44699
1	6917.815	31500.0	-17845622012.302666
2	9744.292	33000.0	-17841153048.69281
3	13835.071	34500.0	-17840711177.336975
4	17496.754	37500.0	-17850518565.402645
5	20531.282	36000.0	-17843935794.40984
6	23196.593	33750.0	-17840452249.78618
7	26138.779	34125.0	-17840464640.235573
8	28708.189	33375.0	-17840679904.551212
9	31250.692	33937.5	-17840428776.956326
10	34075.713	33843.75	-17840432897.084305
11	36672.528	34031.25	-17840439313.68358
12	39228.586	33890.625	-17840429233.686184
13	41995.152	33984.375	-17840432092.61837
14	44680.689	33914.0625	-17840428355.10086
15	47358.541	33925.78125	-17840428445.778908
