#Ne_opt: 33597.65625, f_opt: 4735516715.231716, n_iters: 10, n_calls: 20, flag: 1
call	runtime	Ne	ll
0	651.01	30000.0	-4738893974.570562
1	1184.842	31500.0	-4736626852.447335
2	1728.679	33000.0	-4735603616.092632
3	2230.964	34500.0	-4735710828.880629
4	2758.746	33750.0	-4735522443.241602
5	3262.338	33375.0	-4735528553.041622
6	3769.757	34125.0	-4735583705.766167
7	4310.399	33562.5	-4735516983.145136
8	4717.313	33656.25	-4735517597.49478
9	5157.145	33468.75	-4735520625.906026
10	5644.69	33609.375	-4735516759.073872
11	6033.881	33585.9375	-4735516738.026481
12	6372.663	33597.65625	-4735516715.231716
13	6720.638	33591.796875	-4735516718.315664
