#Ne_opt: 33773.4375, f_opt: 5483354281.405383, n_iters: 10, n_calls: 20, flag: 1
call	runtime	Ne	ll
0	1045.211	30000.0	-5487828454.934934
1	1854.801	31500.0	-5484927340.350541
2	2618.701	33000.0	-5483531360.494617
3	3521.54	34500.0	-5483503958.374498
4	4535.775	37500.0	-5487092218.189545
5	5529.097	36000.0	-5484725605.147181
6	6575.506	33750.0	-5483354470.077157
7	7545.487	34125.0	-5483389345.3235445
8	8455.335	33375.0	-5483401134.647446
9	9285.066	33937.5	-5483361833.537352
10	10059.985	33562.5	-5483367489.757587
11	10935.68	33843.75	-5483355619.589578
12	11716.986	33656.25	-5483358417.728192
13	12399.715	33796.875	-5483354410.311422
14	13226.595	33773.4375	-5483354281.405383
15	14020.716	33785.15625	-5483354306.198571
