#Ne_opt: 32894.53125, f_opt: 11386295584.44027, n_iters: 9, n_calls: 20, flag: 1
call	runtime	Ne	ll
0	1385.539	30000.0	-11391644702.648369
1	2563.163	31500.0	-11387490624.054207
2	3575.175	33000.0	-11386303293.994627
3	4620.22	34500.0	-11387807486.238075
4	5665.303	32250.0	-11386544258.174885
5	6720.648	33750.0	-11386734600.139984
6	7675.733	32625.0	-11386337070.479101
7	8502.453	33375.0	-11386436776.269337
8	9388.706	32812.5	-11386298730.869959
9	10173.21	32906.25	-11386295863.437923
10	10960.775	32859.375	-11386295882.018646
11	11777.635	32953.125	-11386298053.693573
12	12631.723	32882.8125	-11386295766.537811
13	13555.928	32894.53125	-11386295584.44027
14	14465.721	32888.671875	-11386295877.323473
