#Ne_opt: 34804.6875, f_opt: 18992786021.446648, n_iters: 9, n_calls: 20, flag: 1
call	runtime	Ne	ll
0	4656.369	30000.0	-19014985304.28324
1	8505.095	31500.0	-19002964082.290977
2	12271.204	33000.0	-18995738161.056213
3	15868.816	34500.0	-18992871381.58196
4	19623.54	37500.0	-18998717886.70155
5	22917.397	36000.0	-18993976372.649773
6	25967.256	35250.0	-18992949444.225765
7	29405.611	33750.0	-18993785316.509674
8	32764.195	34875.0	-18992788958.81395
9	36001.093	34687.5	-18992799738.71204
10	39694.48	35062.5	-18992839582.763634
11	42929.248	34781.25	-18992786842.676357
12	46489.396	34828.125	-18992786053.975925
13	49786.048	34804.6875	-18992786021.446648
14	52613.392	34816.40625	-18992786055.905415
