#Ne_opt: 34816.40625, f_opt: 28188968035.67273, n_iters: 10, n_calls: 20, flag: 1
call	runtime	Ne	ll
0	6383.234	30000.0	-28221699032.959274
1	12170.594	31500.0	-28204002812.48862
2	17625.24	33000.0	-28193342969.27372
3	23383.018	34500.0	-28189098376.129368
4	29520.493	37500.0	-28197659280.11728
5	35138.832	36000.0	-28190702656.197914
6	40821.548	35250.0	-28189202413.283897
7	46506.033	33750.0	-28190455999.29831
8	51998.469	34875.0	-28188972577.725986
9	57658.483	34687.5	-28188990248.46386
10	63193.972	35062.5	-28189043173.232555
11	68948.104	34781.25	-28188970531.589973
12	74807.805	34828.125	-28188968267.06591
13	80284.822	34804.6875	-28188968577.899773
14	85994.031	34851.5625	-28188969237.817963
15	92364.825	34816.40625	-28188968035.67273
