#Ne_opt: 35636.71875, f_opt: 11026775398.158718, n_iters: 10, n_calls: 20, flag: 1
call	runtime	Ne	ll
0	2238.133	30000.0	-11043750344.688883
1	4548.29	31500.0	-11035624894.29254
2	6947.442	33000.0	-11030261917.61026
3	8829.557	34500.0	-11027406014.178104
4	10894.027	37500.0	-11028356668.764132
5	12987.57	36000.0	-11026836150.32278
6	15074.366	35250.0	-11026848240.19865
7	17182.073	36750.0	-11027346212.206839
8	19294.864	35625.0	-11026775481.279217
9	21527.985	35812.5	-11026789351.647274
10	23864.757	35437.5	-11026795027.765642
11	25785.391	35718.75	-11026778262.914963
12	27599.343	35531.25	-11026781047.895058
13	29391.791	35671.875	-11026775841.501139
14	31078.005	35578.125	-11026777221.34584
15	32748.173	35648.4375	-11026775424.221157
16	34487.487	35636.71875	-11026775398.158718
