#Ne_opt: 34851.5625, f_opt: 29661367783.44425, n_iters: 9, n_calls: 20, flag: 1
call	runtime	Ne	ll
0	8714.378	30000.0	-29695015047.603226
1	16880.688	31500.0	-29676890020.338093
2	25897.726	33000.0	-29665930695.093197
3	34411.368	34500.0	-29661518642.997604
4	42597.638	37500.0	-29670072501.53614
5	50629.443	36000.0	-29663066051.38123
6	58960.92	35250.0	-29661582670.464508
7	66765.938	33750.0	-29662944236.049545
8	74561.779	34875.0	-29661368140.93376
9	82254.764	34687.5	-29661398298.890194
10	89835.411	35062.5	-29661431477.16243
11	97849.431	34781.25	-29661372427.76435
12	105969.425	34968.75	-29661388115.034527
13	113544.291	34828.125	-29661368220.393814
14	121429.444	34921.875	-29661375493.81514
15	130248.136	34851.5625	-29661367783.44425
16	142246.156	34863.28125	-29661368594.62941
