#Ne_opt: 33134.765625, f_opt: 33025815426.450806, n_iters: 10, n_calls: 20, flag: 1
call	runtime	Ne	ll
0	8455.626	30000.0	-33043144204.83896
1	16391.806	31500.0	-33030398768.965748
2	25471.048	33000.0	-33025847776.73626
3	33958.224	34500.0	-33028776441.774483
4	42153.527	33750.0	-33026421067.76463
5	50534.859	32250.0	-33027138522.607243
6	59433.903	33375.0	-33025907277.633312
7	68223.347	32625.0	-33026252096.88974
8	77638.414	33187.5	-33025821133.04189
9	87682.246	33093.75	-33025820225.585632
10	95215.47	33140.625	-33025817034.472466
11	102705.671	33117.1875	-33025817925.52732
12	109936.997	33164.0625	-33025819440.49546
13	117140.258	33128.90625	-33025815446.312195
14	124860.355	33134.765625	-33025815426.450806
