#Ne_opt: 34242.1875, f_opt: 16473057292.21598, n_iters: 10, n_calls: 20, flag: 1
call	runtime	Ne	ll
0	2355.978	30000.0	-16488306213.107555
1	4391.158	31500.0	-16479191841.005333
2	6376.507	33000.0	-16474251739.678787
3	8326.875	34500.0	-16473119629.711252
4	10283.304	37500.0	-16480977062.816833
5	12252.972	36000.0	-16475457854.057798
6	14246.261	33750.0	-16473231775.042698
7	16204.598	35250.0	-16473874494.660511
8	18178.996	34125.0	-16473062639.723135
9	20258.939	34312.5	-16473064922.01902
10	22265.687	33937.5	-16473119134.77917
11	24299.92	34218.75	-16473057818.108381
12	26317.635	34171.875	-16473059504.117996
13	28344.524	34265.625	-16473059863.513405
14	30368.097	34195.3125	-16473058239.380478
15	32379.013	34242.1875	-16473057292.21598
