#Ne_opt: 33515.625, f_opt: 8764300954.626364, n_iters: 11, n_calls: 22, flag: 0
call	runtime	Ne	ll
0	774.509	30000.0	-8770064452.729887
1	1411.257	31500.0	-8766132358.622715
2	2044.613	33000.0	-8764416540.945517
3	2662.168	34500.0	-8764712934.760256
4	3259.657	33750.0	-8764324869.63254
5	3876.792	33375.0	-8764309359.711609
6	4625.429	33562.5	-8764301978.641768
7	5328.714	33468.75	-8764301851.24131
8	6020.879	33515.625	-8764300954.626364
9	6751.265	33492.1875	-8764301165.114344
10	7525.301	33539.0625	-8764301238.572313
11	8223.089	33503.90625	-8764301000.670015
12	9003.495	33527.34375	-8764301027.241135
13	9765.544	33509.765625	-8764300962.946201
14	10502.192	33521.484375	-8764300975.864056
15	11215.38	33512.6953125	-8764300954.74705
