#Ne_opt: 36357.421875, f_opt: 11039954811.460869, n_iters: 12, n_calls: 25, flag: 1
call	runtime	Ne	ll
0	1374.292	30000.0	-11060887426.32502
1	2474.518	31500.0	-11051775758.58223
2	3578.673	33000.0	-11045422618.163752
3	4649.819	34500.0	-11041575702.282137
4	5709.114	37500.0	-11040537914.486013
5	6766.866	40500.0	-11047195869.342903
6	7808.12	36000.0	-11040012543.478588
7	8868.485	36750.0	-11040025076.969202
8	9914.182	35250.0	-11040521637.892588
9	10983.535	36375.0	-11039954999.288174
10	12042.095	36187.5	-11039967667.215374
11	13134.493	36562.5	-11039974196.538916
12	14208.064	36281.25	-11039957297.262844
13	15265.668	36468.75	-11039960623.59253
14	16343.184	36328.125	-11039955156.418867
15	17419.59	36421.875	-11039956785.819336
16	18578.729	36351.5625	-11039954823.676416
17	19725.527	36363.28125	-11039954823.023073
18	20962.644	36357.421875	-11039954811.460869
