#Ne_opt: 34130.859375, f_opt: 33070692633.220886, n_iters: 11, n_calls: 25, flag: 1
call	runtime	Ne	ll
0	6075.463	30000.0	-33099591100.32185
1	11646.908	31500.0	-33082072802.223423
2	17254.256	33000.0	-33072738984.03739
3	22777.371	34500.0	-33070895184.57237
4	28248.584	37500.0	-33087064141.088158
5	33747.25	36000.0	-33075861542.052498
6	39323.48	33750.0	-33070925993.73629
7	44794.126	35250.0	-33072566794.474133
8	50277.563	34125.0	-33070692870.708565
9	55938.179	34312.5	-33070743993.589615
10	61444.079	33937.5	-33070754927.37584
11	66965.262	34218.75	-33070705073.89406
12	72451.626	34031.25	-33070709710.74178
13	77971.499	34171.875	-33070694901.82365
14	83548.026	34078.125	-33070700944.67064
15	89035.673	34148.4375	-33070693638.460854
16	94646.45	34101.5625	-33070696248.423717
17	100368.024	34136.71875	-33070693722.790703
18	105793.249	34113.28125	-33070694146.35267
19	111156.198	34130.859375	-33070692633.220886
20	116778.323	34127.9296875	-33070697344.98146
