#Ne_opt: 34218.75, f_opt: 17859604187.421894, n_iters: 11, n_calls: 25, flag: 1
call	runtime	Ne	ll
0	2758.101	30000.0	-17875671736.205902
1	5291.396	31500.0	-17866054019.556633
2	7866.202	33000.0	-17860855679.201565
3	10404.293	34500.0	-17859670997.47901
4	12672.384	37500.0	-17867961916.488323
5	15325.754	36000.0	-17862141766.32069
6	17771.823	33750.0	-17859785108.93891
7	20187.07	35250.0	-17860469771.856262
8	22666.035	34125.0	-17859611382.44893
9	25413.017	34312.5	-17859611624.682724
10	28284.558	33937.5	-17859668641.733704
11	31335.73	34218.75	-17859604187.421894
12	34408.145	34171.875	-17859606003.655647
13	37580.286	34265.625	-17859606347.204224
14	40435.581	34195.3125	-17859604780.10158
15	43293.957	34242.1875	-17859605124.16706
16	46342.354	34207.03125	-17859604220.79019
17	49645.942	34230.46875	-17859604273.920105
18	52741.974	34212.890625	-17859604421.748432
19	55705.506	34224.609375	-17859604649.8863
20	59094.553	34215.8203125	-17859604463.83029
