#Ne_opt: 36070.3125, f_opt: 19007856185.728394, n_iters: 12, n_calls: 25, flag: 1
call	runtime	Ne	ll
0	2689.911	30000.0	-19041484930.41749
1	4937.931	31500.0	-19026317060.873516
2	7116.323	33000.0	-19015936735.616905
3	9275.698	34500.0	-19009914166.08811
4	11441.238	37500.0	-19009440946.750427
5	13836.727	40500.0	-19022352978.40974
6	16087.032	36000.0	-19007860965.355072
7	18209.328	36750.0	-19008215653.82029
8	20392.191	35250.0	-19008413655.066666
9	22641.381	36375.0	-19007927053.094288
10	24861.432	35625.0	-19008021705.933304
11	27035.645	36187.5	-19007866311.87403
12	29246.612	35812.5	-19007912805.05462
13	31516.131	36093.75	-19007856610.85975
14	33702.021	36046.875	-19007857063.821217
15	36154.358	36140.625	-19007859933.499313
16	38539.355	36070.3125	-19007856185.728394
17	40787.607	36082.03125	-19007856360.852932
18	42856.052	36058.59375	-19007856803.07953
19	45066.652	36076.171875	-19007856422.71231
