#Ne_opt: 36638.671875, f_opt: 22122065000.050335, n_iters: 12, n_calls: 25, flag: 1
call	runtime	Ne	ll
0	3238.134	30000.0	-22169037269.432396
1	5943.135	31500.0	-22149254536.859833
2	8588.646	33000.0	-22135211108.40454
3	11218.602	34500.0	-22126422119.5431
4	13819.788	37500.0	-22122797066.777565
5	16385.039	40500.0	-22135304253.93682
6	18923.621	36000.0	-22122420670.69539
7	21523.36	36750.0	-22122085547.698673
8	24125.404	36375.0	-22122120708.925274
9	26818.39	37125.0	-22122311966.289497
10	29417.359	36562.5	-22122069668.422462
11	31957.13	36656.25	-22122068963.679832
12	34553.28	36609.375	-22122069411.605602
13	37205.905	36703.125	-22122074813.97135
14	39794.174	36632.8125	-22122068597.899963
15	42383.038	36644.53125	-22122068118.54581
16	44996.177	36638.671875	-22122065000.050335
