#Ne_opt: 36169.921875, f_opt: 11544230936.3531, n_iters: 12, n_calls: 25, flag: 1
call	runtime	Ne	ll
0	982.905	30000.0	-11566518065.377733
1	1750.338	31500.0	-11556584456.468452
2	2493.139	33000.0	-11549737315.036339
3	3224.055	34500.0	-11545705516.432869
4	3953.962	37500.0	-11545136238.963448
5	4669.288	40500.0	-11553236880.19364
6	5401.225	36000.0	-11544244442.761566
7	6142.165	36750.0	-11544408689.850092
8	6882.065	35250.0	-11544667623.76372
9	7617.697	36375.0	-11544254485.25963
10	8386.502	35625.0	-11544381374.19303
11	9148.551	36187.5	-11544231229.397488
12	9896.429	36093.75	-11544233456.841034
13	10634.134	36281.25	-11544238677.352768
14	11359.257	36140.625	-11544231333.584164
15	12096.441	36234.375	-11544233942.895912
16	12829.857	36164.0625	-11544231100.960096
17	13561.23	36175.78125	-11544230962.741913
18	14292.181	36169.921875	-11544230936.3531
