#Ne_opt: 35490.234375, f_opt: 19290739931.40953, n_iters: 12, n_calls: 25, flag: 1
call	runtime	Ne	ll
0	3095.159	30000.0	-19319752803.177082
1	5317.169	31500.0	-19305579543.941673
2	7505.753	33000.0	-19296346842.647957
3	9872.823	34500.0	-19291605686.83127
4	11888.946	37500.0	-19294057844.901245
5	14192.854	36000.0	-19290957276.18586
6	16464.764	35250.0	-19290792838.864807
7	18582.264	35625.0	-19290754559.17781
8	20759.941	35437.5	-19290744072.586197
9	23047.377	35531.25	-19290741164.791084
10	25060.923	35484.375	-19290740392.274208
11	27199.893	35507.8125	-19290740691.477962
12	29389.237	35460.9375	-19290742327.584816
13	31797.279	35496.09375	-19290740036.870472
14	33849.044	35490.234375	-19290739931.40953
15	36274.138	35493.1640625	-19290740063.385857
