#Ne_opt: 32431.640625, f_opt: 9533409454.900158, n_iters: 11, n_calls: 22, flag: 0
call	runtime	Ne	ll
0	1022.294	30000.0	-9536454319.757225
1	1799.346	31500.0	-9533841958.60793
2	2556.24	33000.0	-9533566140.60973
3	3305.89	34500.0	-9535412935.002502
4	4077.741	32250.0	-9533425800.727322
5	4843.237	32625.0	-9533428225.468622
6	5608.822	31875.0	-9533562096.001514
7	6375.737	32437.5	-9533409785.178768
8	7143.613	32343.75	-9533413449.162716
9	7914.516	32531.25	-9533414507.141562
10	8687.131	32390.625	-9533410322.615314
11	9453.533	32484.375	-9533411260.504833
12	10218.0	32414.0625	-9533409934.717201
13	10984.002	32460.9375	-9533409941.588257
14	11744.441	32425.78125	-9533409871.098244
15	12505.782	32449.21875	-9533409932.387533
16	13274.78	32431.640625	-9533409454.900158
17	14038.487	32434.5703125	-9533409455.465818
