#Ne_opt: 31860.3515625, f_opt: 6986502192.196751, n_iters: 11, n_calls: 25, flag: 1
call	runtime	Ne	ll
0	615.268	30000.0	-6987910287.475595
1	1121.375	31500.0	-6986552949.625335
2	1566.446	33000.0	-6986999278.7321005
3	2107.158	32250.0	-6986561610.692999
4	2727.203	30750.0	-6986994890.686131
5	3287.127	31875.0	-6986502535.382565
6	3793.036	31687.5	-6986513883.810205
7	4389.125	32062.5	-6986518457.088797
8	5026.724	31781.25	-6986504664.390325
9	5593.505	31968.75	-6986506991.444318
10	6085.034	31828.125	-6986502641.29383
11	6608.615	31921.875	-6986503893.156277
12	7068.027	31851.5625	-6986502269.453028
13	7650.64	31863.28125	-6986502237.60296
14	8117.314	31857.421875	-6986502229.5309
15	8590.856	31860.3515625	-6986502192.196751
16	9016.316	31858.88671875	-6986502260.81439
17	9525.602	31861.81640625	-6986502286.085328
18	10079.943	31859.619140625	-6986502326.429159
