#Ne_opt: 33937.5, f_opt: 12394238642.829828, n_iters: 12, n_calls: 25, flag: 1
call	runtime	Ne	ll
0	1593.146	30000.0	-12404188871.633286
1	2824.546	31500.0	-12397924946.200003
2	4043.426	33000.0	-12394765526.278946
3	5253.516	34500.0	-12394424302.79604
4	6451.632	37500.0	-12401227528.1792
5	7669.09	36000.0	-12396650512.154472
6	8867.35	33750.0	-12394259061.68547
7	10134.587	34125.0	-12394259681.395168
8	11411.842	33375.0	-12394426353.807446
9	12649.99	33937.5	-12394238642.829828
10	13936.089	33843.75	-12394243650.836689
11	15261.201	34031.25	-12394244008.153812
12	16572.591	33890.625	-12394239828.688738
13	17990.242	33984.375	-12394240039.503649
14	19289.131	33914.0625	-12394238925.447498
15	20600.978	33960.9375	-12394239029.744099
16	21945.053	33925.78125	-12394238710.849598
17	23254.992	33949.21875	-12394238773.886742
18	24597.95	33931.640625	-12394238664.223898
19	25987.886	33943.359375	-12394238693.546066
20	27267.134	33934.5703125	-12394238659.316767
21	28509.086	33940.4296875	-12394238678.963537
