#Ne_opt: 36457.03125, f_opt: 16503506119.149166, n_iters: 12, n_calls: 25, flag: 1
call	runtime	Ne	ll
0	1768.418	30000.0	-16536620068.978783
1	3194.972	31500.0	-16522464050.53564
2	4581.973	33000.0	-16512479312.329185
3	5937.501	34500.0	-16506330272.55119
4	7404.426	37500.0	-16504200011.646456
5	8794.758	40500.0	-16513822240.141907
6	10354.568	36000.0	-16503671617.394472
7	11794.13	36750.0	-16503554764.710833
8	13268.373	36375.0	-16503516848.145123
9	14729.591	36562.5	-16503510266.87492
10	16192.931	36468.75	-16503507150.522366
11	17601.37	36515.625	-16503507755.173447
12	18969.588	36421.875	-16503509810.452335
13	20445.353	36492.1875	-16503510508.720154
14	21878.57	36445.3125	-16503507283.523232
15	23358.078	36457.03125	-16503506119.149166
16	24735.117	36462.890625	-16503506282.16961
