#Ne_opt: 37037.109375, f_opt: 24858314107.912964, n_iters: 12, n_calls: 25, flag: 1
call	runtime	Ne	ll
0	4308.272	30000.0	-24915049816.81923
1	7830.929	31500.0	-24892351280.619095
2	11238.538	33000.0	-24875876268.957165
3	14433.437	34500.0	-24865069942.00094
4	17573.192	37500.0	-24858511316.054825
5	20716.5	40500.0	-24869358629.28031
6	23882.649	36000.0	-24859428423.039017
7	27212.292	39000.0	-24861934753.682373
8	30560.018	36750.0	-24858404466.005974
9	33751.198	37125.0	-24858319542.099823
10	37048.873	36937.5	-24858326930.502228
11	40406.393	37312.5	-24858381229.720062
12	43687.513	37031.25	-24858314182.122074
13	46820.23	37078.125	-24858314857.188713
14	49923.09	36984.375	-24858318631.89714
15	53029.886	37054.6875	-24858314297.696754
16	56137.219	37007.8125	-24858316356.563572
17	59228.333	37042.96875	-24858314412.677547
18	62307.502	37019.53125	-24858315182.092274
19	65528.307	37037.109375	-24858314107.912964
