#Ne_opt: 36093.75, f_opt: 28229974147.728374, n_iters: 12, n_calls: 25, flag: 1
call	runtime	Ne	ll
0	4796.07	30000.0	-28279861505.59549
1	9052.086	31500.0	-28257429540.262028
2	13145.335	33000.0	-28242042916.755455
3	17273.968	34500.0	-28233085670.61432
4	21261.438	37500.0	-28232246371.342667
5	25187.401	40500.0	-28251164686.190296
6	29075.266	36000.0	-28229985235.773834
7	32993.259	36750.0	-28230473437.923485
8	37269.07	35250.0	-28230835689.119194
9	41853.626	36375.0	-28230065531.94841
10	46072.351	35625.0	-28230240398.37677
11	50080.605	36187.5	-28229983741.96171
12	54228.769	36093.75	-28229974147.728374
13	58270.279	36140.625	-28229976204.585594
14	62261.333	36046.875	-28229977037.864563
15	66219.166	36117.1875	-28229974940.122078
16	70206.774	36070.3125	-28229975100.073853
17	74166.564	36105.46875	-28229974606.514317
18	78309.583	36082.03125	-28229974899.306465
19	82463.077	36099.609375	-28229974339.61373
20	86599.544	36087.890625	-28229974772.471245
