#Ne_opt: 35021.484375, f_opt: 29693949403.511932, n_iters: 12, n_calls: 25, flag: 1
call	runtime	Ne	ll
0	5332.601	30000.0	-29729754230.188595
1	10244.599	31500.0	-29711011484.458282
2	15983.213	33000.0	-29699391371.593876
3	21095.069	34500.0	-29694301563.87675
4	26055.476	37500.0	-29701410771.355568
5	31219.32	36000.0	-29695142447.15178
6	36549.792	35250.0	-29694015187.438538
7	43268.614	34875.0	-29693977175.353134
8	49066.192	35062.5	-29693951484.52159
9	54979.557	34968.75	-29693952849.010372
10	60948.353	35156.25	-29693969814.905167
11	67012.694	35015.625	-29693949932.452152
12	73032.862	35039.0625	-29693949708.662704
13	78528.293	35027.34375	-29693949500.324745
14	83445.47	35033.203125	-29693949627.52595
15	88028.207	35021.484375	-29693949403.511932
