#Ne_opt: 35513.671875, f_opt: 21904626549.182755, n_iters: 12, n_calls: 25, flag: 1
call	runtime	Ne	ll
0	2854.62	30000.0	-21937791635.55867
1	5344.531	31500.0	-21921643026.53866
2	7774.831	33000.0	-21911091044.807632
3	10094.844	34500.0	-21905645800.679893
4	12384.749	37500.0	-21908322540.328255
5	14642.56	36000.0	-21904855152.301903
6	16709.072	35250.0	-21904694499.223274
7	18878.36	35625.0	-21904639500.060097
8	21054.818	35437.5	-21904632439.17672
9	23196.553	35531.25	-21904627792.21057
10	25336.634	35484.375	-21904628233.693798
11	27471.9	35578.125	-21904631458.33421
12	29734.735	35507.8125	-21904627342.765266
13	32369.289	35519.53125	-21904627057.51172
14	35222.624	35513.671875	-21904626549.182755
15	38248.416	35516.6015625	-21904627081.235237
