#Ne_opt: 34916.015625, f_opt: 28587916654.905586, n_iters: 11, n_calls: 25, flag: 1
call	runtime	Ne	ll
0	4063.256	30000.0	-28623822346.933807
1	7578.651	31500.0	-28604686037.445328
2	11019.424	33000.0	-28593012636.1102
3	14136.701	34500.0	-28588145773.52784
4	17075.819	37500.0	-28596486674.17154
5	20222.406	36000.0	-28589476421.797085
6	23497.568	35250.0	-28588071084.51174
7	26889.985	34875.0	-28587917347.84379
8	30557.0	35062.5	-28587947921.066998
9	34028.604	34687.5	-28587984502.114227
10	37448.601	34968.75	-28587920983.405834
11	40592.809	34781.25	-28587939116.60289
12	43579.89	34921.875	-28587917236.566193
13	46720.833	34898.4375	-28587917624.535515
14	50056.541	34945.3125	-28587917779.989365
15	53337.495	34910.15625	-28587916954.663094
16	56754.634	34916.015625	-28587916654.905586
17	60106.162	34913.0859375	-28587917212.617718
