#Ne_opt: 35103.515625, f_opt: 25615467179.20869, n_iters: 11, n_calls: 25, flag: 1
call	runtime	Ne	ll
0	4033.721	30000.0	-25648776555.11501
1	7808.018	31500.0	-25631535162.13884
2	10961.273	33000.0	-25620765540.58518
3	14069.756	34500.0	-25615888661.88874
4	17144.506	37500.0	-25621786500.90621
5	20304.225	36000.0	-25616379886.966476
6	23329.635	35250.0	-25615493922.01175
7	26561.799	34875.0	-25615524629.923325
8	29747.453	35625.0	-25615778941.987686
9	32734.486	35062.5	-25615469501.910503
10	35817.28	35156.25	-25615468971.367645
11	38996.81	35109.375	-25615467190.06418
12	42051.513	35132.8125	-25615467686.16287
13	45115.734	35085.9375	-25615468307.33392
14	48199.238	35121.09375	-25615469345.09421
15	51291.837	35097.65625	-25615467300.108734
16	54320.181	35103.515625	-25615467179.20869
17	57317.084	35106.4453125	-25615468401.4108
