#Ne_opt: 34623.046875, f_opt: 5488870396.91679, n_iters: 12, n_calls: 24, flag: 0
call	runtime	Ne	ll
0	291.54	30000.0	-5495343695.378244
1	474.403	31500.0	-5491729799.116585
2	665.988	33000.0	-5489619005.067364
3	845.254	34500.0	-5488874588.77103
4	1020.27	37500.0	-5491024358.33329
5	1200.541	36000.0	-5489377698.149567
6	1401.635	35250.0	-5488977034.258247
7	1598.323	33750.0	-5489083787.676959
8	1791.744	34875.0	-5488887726.346719
9	1973.439	34125.0	-5488939359.942238
10	2193.857	34687.5	-5488871527.73329
11	2387.422	34593.75	-5488870637.791363
12	2572.375	34640.625	-5488870479.248485
13	2758.305	34617.1875	-5488870407.308721
14	2941.822	34628.90625	-5488870405.457022
15	3127.311	34623.046875	-5488870396.91679
16	3329.105	34625.9765625	-5488870398.830437
