#Ne_opt: 33451.171875, f_opt: 11394442097.408377, n_iters: 10, n_calls: 20, flag: 0
call	runtime	Ne	ll
0	727.257	30000.0	-11401885692.80518
1	1325.176	31500.0	-11396741026.749187
2	1866.274	33000.0	-11394560147.628998
3	2423.301	34500.0	-11395070594.28466
4	3042.655	33750.0	-11394494529.590443
5	3541.843	33375.0	-11394445264.375381
6	4085.283	33562.5	-11394449588.527008
7	4667.201	33187.5	-11394481940.254635
8	5187.622	33468.75	-11394442324.494493
9	5722.714	33421.875	-11394442517.239061
10	6216.954	33515.625	-11394444674.91925
11	6755.235	33445.3125	-11394442101.757526
12	7292.583	33457.03125	-11394442132.565615
13	7829.023	33433.59375	-11394442229.245285
14	8351.77	33451.171875	-11394442097.408377
