#Ne_opt: 33019.04296875, f_opt: 14550866073.731327, n_iters: 12, n_calls: 25, flag: 1
call	runtime	Ne	ll
0	1512.339	30000.0	-14558302528.882458
1	2743.917	31500.0	-14552687194.547274
2	3993.949	33000.0	-14550866370.100946
3	5206.63	34500.0	-14552491636.537258
4	6400.481	33750.0	-14551268194.610764
5	7635.532	32250.0	-14551325530.292032
6	8829.018	33375.0	-14550962184.619991
7	10017.551	32625.0	-14550985811.501022
8	11327.657	33187.5	-14550887671.01717
9	12600.356	32812.5	-14550898882.01253
10	13903.478	33093.75	-14550870332.30054
11	15353.895	32906.25	-14550875861.644634
12	16592.717	33046.875	-14550866659.816673
13	17777.01	32953.125	-14550869442.89839
14	18998.882	33023.4375	-14550866112.48868
15	20243.887	33011.71875	-14550866136.352797
16	21472.488	33035.15625	-14550866296.583824
17	22852.024	33017.578125	-14550866081.290176
18	24176.003	33020.5078125	-14550866113.35876
19	25346.601	33014.6484375	-14550866115.116882
20	26666.189	33019.04296875	-14550866073.731327
