#Ne_opt: 18515.625, f_opt: 15969071024.112444, n_iters: 10, n_calls: 20, flag: 1
call	runtime	Ne	ll
0	517.556	30000.0	-16250357639.989922
1	976.125	31500.0	-16316343983.206528
2	1434.416	28500.0	-16189495723.223576
3	1891.18	27000.0	-16134342211.221012
4	2357.797	24000.0	-16043858109.673758
5	2826.004	21000.0	-15985722639.163368
6	3297.117	15000.0	-16012062147.44978
7	3777.181	18000.0	-15969953269.400364
8	4299.677	19500.0	-15971742364.001804
9	4817.381	16500.0	-15982482378.733936
10	5353.894	18750.0	-15969203288.034328
11	5907.953	18375.0	-15969150355.863392
12	6473.117	18562.5	-15969071436.385036
13	7027.728	18468.75	-15969083814.928839
14	7573.338	18656.25	-15969112137.848831
15	8130.884	18515.625	-15969071024.112444
