#Ne_opt: 19828.125, f_opt: 17156429515.405083, n_iters: 10, n_calls: 20, flag: 1
call	runtime	Ne	ll
0	514.453	30000.0	-17377389390.581947
1	962.558	31500.0	-17437258895.020035
2	1412.964	28500.0	-17323064273.230225
3	1881.248	27000.0	-17274920103.777134
4	2370.609	24000.0	-17200090008.678905
5	2858.628	21000.0	-17160279510.290741
6	3351.643	15000.0	-17235039395.41159
7	3862.266	18000.0	-17166330175.832153
8	4404.705	19500.0	-17156706135.455624
9	4948.801	20250.0	-17156966734.796495
10	5487.825	18750.0	-17159738086.886003
11	6107.527	19875.0	-17156440615.076336
12	6728.722	19687.5	-17156472114.56848
13	7293.777	20062.5	-17156606497.604656
14	7807.067	19781.25	-17156431474.789852
15	8346.75	19828.125	-17156429515.405083
