#Ne_opt: 18656.25, f_opt: 10567868298.978832, n_iters: 10, n_calls: 20, flag: 1
call	runtime	Ne	ll
0	284.831	30000.0	-10749415729.784176
1	506.325	31500.0	-10792631486.79432
2	730.212	28500.0	-10709631360.999033
3	956.027	27000.0	-10673648328.22372
4	1187.343	24000.0	-10614899530.103432
5	1419.962	21000.0	-10577719486.523281
6	1661.823	15000.0	-10598386758.590631
7	1909.784	18000.0	-10568770774.159534
8	2153.523	19500.0	-10569182472.886131
9	2390.764	16500.0	-10577898379.60906
10	2629.143	18750.0	-10567880500.872927
11	2877.788	18375.0	-10568040523.200989
12	3139.703	19125.0	-10568268227.025295
13	3416.697	18562.5	-10567890665.482214
14	3670.027	18937.5	-10568007248.76232
15	3906.107	18656.25	-10567868298.978832
16	4166.341	18703.125	-10567870098.710985
