#Ne_opt: 19125.0, f_opt: 26022085856.04989, n_iters: 10, n_calls: 20, flag: 1
call	runtime	Ne	ll
0	1133.659	30000.0	-26421201576.94712
1	2147.529	31500.0	-26520969747.716072
2	3174.31	28500.0	-26329763186.531525
3	4233.523	27000.0	-26247698663.06069
4	5382.469	24000.0	-26116045774.784378
5	6511.078	21000.0	-26037363878.85974
6	7675.601	15000.0	-26113572296.0648
7	8859.449	18000.0	-26028088809.287594
8	10122.923	19500.0	-26022745132.76733
9	11417.452	18750.0	-26022725257.99439
10	12880.264	19125.0	-26022085856.04989
11	14397.627	18937.5	-26022242381.397285
12	15952.246	19312.5	-26022256765.379097
13	17475.75	19031.25	-26022121166.639748
14	18962.529	19218.75	-26022132711.160362
15	20769.618	19078.125	-26022097015.939034
