#Ne_opt: 19921.875, f_opt: 26704296508.37816, n_iters: 10, n_calls: 20, flag: 1
call	runtime	Ne	ll
0	1111.26	30000.0	-27043404918.430687
1	2132.952	31500.0	-27136284114.422276
2	3171.623	28500.0	-26959205117.265797
3	4205.207	27000.0	-26884740639.552895
4	5357.877	24000.0	-26769560303.591267
5	6551.704	21000.0	-26709418350.402466
6	7783.02	15000.0	-26831715872.302956
7	9033.133	18000.0	-26721358206.015045
8	10546.673	19500.0	-26705020689.033737
9	12027.868	20250.0	-26704822834.956573
10	13574.047	19875.0	-26704299134.25429
11	15074.375	20062.5	-26704407153.581055
12	16594.838	19687.5	-26704501482.9813
13	18207.065	19968.75	-26704315380.11407
14	19903.341	19781.25	-26704360269.38896
15	22167.105	19921.875	-26704296508.37816
