#Ne_opt: 18281.25, f_opt: 7751899367.187426, n_iters: 10, n_calls: 20, flag: 1
call	runtime	Ne	ll
0	256.407	30000.0	-7895853571.062331
1	471.679	31500.0	-7928696536.832794
2	691.691	28500.0	-7865459404.724938
3	911.753	27000.0	-7837814361.965871
4	1132.403	24000.0	-7792050725.56346
5	1357.627	21000.0	-7761842398.409101
6	1583.095	15000.0	-7770054169.803047
7	1810.282	18000.0	-7752019411.822838
8	2036.946	19500.0	-7753997659.686336
9	2270.822	16500.0	-7756934250.393239
10	2494.456	18750.0	-7752217075.977558
11	2719.033	17250.0	-7753543026.212888
12	2954.059	18375.0	-7751912413.45038
13	3177.888	18187.5	-7751911264.931199
14	3452.014	18281.25	-7751899367.187426
15	3720.454	18234.375	-7751902902.615071
