#Ne_opt: 19453.125, f_opt: 19682095651.473427, n_iters: 10, n_calls: 20, flag: 1
call	runtime	Ne	ll
0	857.8	30000.0	-19960978546.639786
1	1620.216	31500.0	-20033485349.149925
2	2386.523	28500.0	-19894856189.560062
3	3203.736	27000.0	-19835861715.41173
4	4023.636	24000.0	-19742611145.231087
5	4914.22	21000.0	-19689725261.962696
6	5871.645	15000.0	-19761822791.80798
7	6854.763	18000.0	-19689685633.167072
8	7775.232	19500.0	-19682102740.594345
9	8681.195	18750.0	-19683845085.192146
10	9690.141	20250.0	-19684152531.84556
11	10647.123	19125.0	-19682478648.668182
12	11690.77	19875.0	-19682672933.385254
13	12802.369	19312.5	-19682167728.5755
14	13868.971	19687.5	-19682268952.943027
15	14977.807	19406.25	-19682105532.29857
16	16128.114	19593.75	-19682154268.62219
17	17184.263	19453.125	-19682095651.473427
