#Ne_opt: 19687.5, f_opt: 3151727072.8443847, n_iters: 10, n_calls: 20, flag: 1
call	runtime	Ne	ll
0	186.341	30000.0	-3193553430.5560446
1	333.999	31500.0	-3204746361.0311294
2	476.182	28500.0	-3183385988.9417634
3	604.37	27000.0	-3174354062.7236376
4	733.709	24000.0	-3160240577.954216
5	866.474	21000.0	-3152575552.886485
6	1003.917	15000.0	-3165667906.641889
7	1133.352	18000.0	-3153353379.3086686
8	1237.305	19500.0	-3151749109.8581467
9	1352.841	20250.0	-3151881167.585384
10	1462.366	18750.0	-3152223407.5556335
11	1594.725	19875.0	-3151742204.1052847
12	1689.999	19687.5	-3151727072.8443847
13	1775.949	19781.25	-3151730037.293994
14	1877.862	19593.75	-3151733400.1531096
15	1986.006	19734.375	-3151727399.4190097
