#Ne_opt: 19546.875, f_opt: 9484902378.47103, n_iters: 10, n_calls: 20, flag: 1
call	runtime	Ne	ll
0	252.761	30000.0	-9615858232.726233
1	449.117	31500.0	-9650234712.584614
2	649.4	28500.0	-9584558715.422636
3	877.54	27000.0	-9556668613.328646
4	1121.631	24000.0	-9512745041.107788
5	1395.147	21000.0	-9488171192.894764
6	1710.227	15000.0	-9524298812.2277
7	2047.203	18000.0	-9488929237.586693
8	2352.564	19500.0	-9484904831.473257
9	2690.409	20250.0	-9485694987.34219
10	3014.305	18750.0	-9485933289.291138
11	3341.112	19875.0	-9485081250.970829
12	3640.182	19125.0	-9485182778.474487
13	3948.917	19687.5	-9484937307.925884
14	4260.268	19312.5	-9484985875.594448
15	4548.88	19593.75	-9484906966.175787
16	4822.942	19406.25	-9484931011.294216
17	5088.637	19546.875	-9484902378.47103
