#Ne_opt: 19921.875, f_opt: 17105640289.579063, n_iters: 10, n_calls: 20, flag: 1
call	runtime	Ne	ll
0	537.953	30000.0	-17321924911.1016
1	1023.53	31500.0	-17381243263.55632
2	1509.85	28500.0	-17268187141.090168
3	1983.991	27000.0	-17220657692.884598
4	2461.844	24000.0	-17147165645.772171
5	2937.175	21000.0	-17108865214.215929
6	3431.629	15000.0	-17187347084.446465
7	3923.518	18000.0	-17116638720.47947
8	4475.136	19500.0	-17106122220.188864
9	5014.326	20250.0	-17105959780.878077
10	5569.977	19875.0	-17105643502.244783
11	6171.753	20062.5	-17105704112.254995
12	6796.371	19687.5	-17105780954.484776
13	7399.708	19968.75	-17105648677.535583
14	8004.94	19781.25	-17105687301.003479
15	8640.067	19921.875	-17105640289.579063
