#Ne_opt: 19078.125, f_opt: 6968607347.084239, n_iters: 10, n_calls: 20, flag: 1
call	runtime	Ne	ll
0	133.744	30000.0	-7076799079.558004
1	247.655	31500.0	-7103780951.064325
2	364.623	28500.0	-7052086761.914685
3	483.114	27000.0	-7029888596.989985
4	600.979	24000.0	-6994235607.361595
5	720.416	21000.0	-6972851737.386013
6	882.678	15000.0	-6992964019.411541
7	1047.004	18000.0	-6970147501.821638
8	1212.666	19500.0	-6968811276.868479
9	1391.883	18750.0	-6968754071.14246
10	1555.171	19125.0	-6968608480.440947
11	1706.727	18937.5	-6968636865.407968
12	1872.29	19312.5	-6968667173.095552
13	2038.922	19031.25	-6968611680.7167
14	2202.868	19218.75	-6968627045.183747
15	2378.451	19078.125	-6968607347.084239
