#Ne_opt: 18984.375, f_opt: 9523788470.748936, n_iters: 10, n_calls: 20, flag: 1
call	runtime	Ne	ll
0	214.184	30000.0	-9676905244.165762
1	382.633	31500.0	-9714550257.030088
2	542.484	28500.0	-9642366122.669266
3	717.996	27000.0	-9611275440.235811
4	894.896	24000.0	-9561099390.338839
5	1073.976	21000.0	-9530473386.854439
6	1262.221	15000.0	-9555385852.502384
7	1442.229	18000.0	-9525446068.35555
8	1614.779	19500.0	-9524276236.682182
9	1792.086	18750.0	-9523867701.516068
10	1967.194	19125.0	-9523832626.743992
11	2133.032	18937.5	-9523789599.918995
12	2319.584	19031.25	-9523795708.54933
13	2491.431	18843.75	-9523813711.047699
14	2658.056	18984.375	-9523788470.748936
