#Ne_opt: 19781.25, f_opt: 19786532651.44709, n_iters: 10, n_calls: 20, flag: 1
call	runtime	Ne	ll
0	518.321	30000.0	-20045455808.44622
1	996.616	31500.0	-20115413575.800003
2	1471.583	28500.0	-19981960539.40729
3	1947.258	27000.0	-19925659649.14248
4	2425.531	24000.0	-19838050923.582905
5	2905.804	21000.0	-19791217455.63885
6	3395.95	15000.0	-19877170283.42126
7	3907.114	18000.0	-19797749898.868164
8	4413.715	19500.0	-19786805971.98391
9	4932.135	20250.0	-19787228206.25705
10	5449.066	18750.0	-19790208679.840923
11	5979.995	19875.0	-19786559255.986176
12	6518.212	19687.5	-19786561980.66185
13	7049.715	20062.5	-19786779755.61235
14	7592.966	19781.25	-19786532651.44709
15	8128.793	19828.125	-19786534420.426247
