#Ne_opt: 19125.0, f_opt: 23720158045.766285, n_iters: 10, n_calls: 20, flag: 1
call	runtime	Ne	ll
0	1555.389	30000.0	-24087703409.92068
1	2978.292	31500.0	-24179371834.784523
2	4488.016	28500.0	-24003686707.381447
3	5964.403	27000.0	-23928248718.897316
4	7420.865	24000.0	-23807120851.358303
5	8846.889	21000.0	-23734506358.36769
6	10289.963	15000.0	-23803125022.26075
7	11774.691	18000.0	-23725436773.912216
8	13337.732	19500.0	-23720833371.023884
9	14907.509	18750.0	-23720670659.627167
10	16510.586	19125.0	-23720158045.766285
11	18088.617	18937.5	-23720264764.731956
12	19648.505	19312.5	-23720349725.469246
13	21325.116	19031.25	-23720172284.271523
14	22949.119	19218.75	-23720217613.376396
15	24557.183	19078.125	-23720158488.611763
