#Ne_opt: 21937.5, f_opt: 3883916250.281107, n_iters: 10, n_calls: 20, flag: 1
call	runtime	Ne	ll
0	73.617	30000.0	-3912268204.380577
1	118.478	31500.0	-3922422363.8160944
2	164.763	28500.0	-3903407935.0888853
3	211.306	27000.0	-3895981192.2429523
4	256.846	24000.0	-3886113516.768978
5	302.173	21000.0	-3884379551.4416776
6	348.835	15000.0	-3916746664.4137907
7	394.317	18000.0	-3893292138.872036
8	438.757	22500.0	-3884096441.492203
9	483.917	21750.0	-3883930809.458941
10	528.831	22125.0	-3883939420.670495
11	574.01	21375.0	-3884075709.2083964
12	618.106	21937.5	-3883916250.281107
13	661.569	21843.75	-3883918773.6257896
14	705.559	22031.25	-3883923158.466528
15	750.021	21890.625	-3883916328.3357644
