#Ne_opt: 19687.5, f_opt: 22583710024.115772, n_iters: 10, n_calls: 20, flag: 1
call	runtime	Ne	ll
0	928.785	30000.0	-22884713998.200123
1	1796.738	31500.0	-22965067767.857285
2	2763.195	28500.0	-22811666992.40753
3	3881.453	27000.0	-22746772736.52208
4	5013.876	24000.0	-22645280063.563477
5	6239.723	21000.0	-22589968656.149773
6	7632.613	15000.0	-22682856708.24416
7	8920.952	18000.0	-22595119423.838726
8	10213.763	19500.0	-22583843387.969883
9	11558.156	20250.0	-22584891671.08948
10	12992.186	18750.0	-22587136308.51631
11	14444.39	19875.0	-22583846259.188297
12	15903.314	19125.0	-22584923611.84137
13	17321.428	19687.5	-22583710024.115772
14	18764.989	19593.75	-22583740919.11715
15	20059.473	19781.25	-22583745712.34713
16	21749.238	19640.625	-22583717313.42942
