#Ne_opt: 19734.375, f_opt: 14266713271.716122, n_iters: 10, n_calls: 20, flag: 1
call	runtime	Ne	ll
0	362.38	30000.0	-14455067323.42622
1	688.738	31500.0	-14505630710.780155
2	1013.212	28500.0	-14409105939.41991
3	1340.26	27000.0	-14368325280.07465
4	1667.042	24000.0	-14304708675.153889
5	1995.235	21000.0	-14270367136.10692
6	2325.74	15000.0	-14330714472.84391
7	2655.613	18000.0	-14274362589.899616
8	2988.774	19500.0	-14266852232.594273
9	3338.907	20250.0	-14267329324.347303
10	3684.584	18750.0	-14269122491.546352
11	4064.306	19875.0	-14266762672.664968
12	4396.48	19687.5	-14266720759.120327
13	4764.926	19781.25	-14266720905.048775
14	5102.956	19593.75	-14266760546.034264
15	5486.895	19734.375	-14266713271.716122
