#Ne_opt: 21000.0, f_opt: 4778350326.891126, n_iters: 10, n_calls: 20, flag: 1
call	runtime	Ne	ll
0	234.819	30000.0	-4822404187.632891
1	441.038	31500.0	-4836244469.598743
2	654.857	28500.0	-4810088353.619904
3	875.145	27000.0	-4799464494.428078
4	1094.612	24000.0	-4784099872.593901
5	1319.784	21000.0	-4778350326.891126
6	1547.05	15000.0	-4809312949.940041
7	1767.876	18000.0	-4785206342.252264
8	1980.758	22500.0	-4779863901.926106
9	2198.121	19500.0	-4779963263.485289
10	2421.287	21750.0	-4778743540.953098
11	2634.007	20250.0	-4778737247.816799
12	2867.049	20625.0	-4778442734.395078
13	3114.616	21375.0	-4778452844.651688
14	3361.408	20812.5	-4778371712.631952
15	3597.046	21187.5	-4778377652.709776
16	3845.236	20906.25	-4778354872.268267
17	4085.582	21093.75	-4778357954.277302
18	4315.243	20953.125	-4778351069.824254
