#Ne_opt: 18375.0, f_opt: 27620176966.490025, n_iters: 10, n_calls: 20, flag: 1
call	runtime	Ne	ll
0	1841.048	30000.0	-28122567993.859684
1	3823.411	31500.0	-28238373855.763
2	6050.71	28500.0	-28015273183.525833
3	8311.859	27000.0	-27917963677.272987
4	10694.346	24000.0	-27757549044.8275
5	13309.038	21000.0	-27652714555.449986
6	16099.87	15000.0	-27688964941.201447
7	19300.894	18000.0	-27620992950.31332
8	22868.8	19500.0	-27626355594.84578
9	26299.231	16500.0	-27640312482.888668
10	30312.824	18750.0	-27620840360.37357
11	34440.155	18375.0	-27620176966.490025
12	38061.805	18562.5	-27620330169.50231
13	41613.574	18187.5	-27620394757.95234
14	45069.097	18468.75	-27620211125.175743
15	49094.3	18281.25	-27620245271.84574
16	53620.82	18421.875	-27620184253.46708
