#Ne_opt: 21890.625, f_opt: 9596998202.681911, n_iters: 10, n_calls: 20, flag: 1
call	runtime	Ne	ll
0	233.62	30000.0	-9666964103.40415
1	423.252	31500.0	-9691920028.063879
2	612.765	28500.0	-9645172459.268581
3	805.507	27000.0	-9626888778.19073
4	998.215	24000.0	-9602524177.50361
5	1194.915	21000.0	-9598070078.859928
6	1392.814	15000.0	-9676915003.150036
7	1588.209	18000.0	-9619683136.61225
8	1780.201	22500.0	-9597480674.163067
9	1973.496	21750.0	-9597022391.514896
10	2164.867	22125.0	-9597069641.877144
11	2357.897	21375.0	-9597351850.148758
12	2552.118	21937.5	-9596999945.982174
13	2743.647	21843.75	-9596999466.758093
14	2946.954	21890.625	-9596998202.681911
