#Ne_opt: 18468.75, f_opt: 30811584919.997498, n_iters: 10, n_calls: 20, flag: 1
call	runtime	Ne	ll
0	1634.656	30000.0	-31364506054.81054
1	3213.524	31500.0	-31493231603.305805
2	4855.682	28500.0	-31245480850.030174
3	6507.313	27000.0	-31137619055.193302
4	8236.297	24000.0	-30960329070.851517
5	9987.65	21000.0	-30845581545.341507
6	11856.917	15000.0	-30892263265.7323
7	13835.151	18000.0	-30812931449.636272
8	15648.788	19500.0	-30817463794.044357
9	18130.272	16500.0	-30836123229.308334
10	21481.81	18750.0	-30812015764.29017
11	24747.822	18375.0	-30811643880.613976
12	28262.313	18562.5	-30811626180.707886
13	31720.197	18468.75	-30811584919.997498
14	35409.496	18515.625	-30811590934.7837
