#Ne_opt: 32906.25, f_opt: 17841293542.0888, n_iters: 11, n_calls: 25, flag: 1
call	runtime	Ne	ll
0	2474.783	30000.0	-17849380532.36209
1	4482.536	31500.0	-17843132178.02653
2	6460.242	33000.0	-17841300643.886368
3	8428.66	34500.0	-17843479372.62491
4	10429.33	32250.0	-17841691001.519855
5	12400.974	33750.0	-17841912322.45595
6	14392.55	32625.0	-17841367571.633007
7	16377.078	33375.0	-17841484060.52968
8	18398.675	32812.5	-17841302392.918964
9	20422.131	33187.5	-17841361283.980354
10	22472.796	32906.25	-17841293542.0888
11	24501.472	32953.125	-17841295042.630222
12	26530.035	32859.375	-17841296024.850227
13	28561.036	32929.6875	-17841293779.383522
14	30569.493	32882.8125	-17841294366.750877
15	32589.817	32917.96875	-17841293549.38345
16	34624.227	32894.53125	-17841293835.52254
17	36721.493	32912.109375	-17841293578.429333
18	38736.07	32900.390625	-17841293679.000065
19	40763.252	32909.1796875	-17841293602.11163
20	42780.092	32903.3203125	-17841293660.022995
