#Ne_opt: 31913.0859375, f_opt: 9517439406.194304, n_iters: 11, n_calls: 25, flag: 1
t	Ne	ll
1616.196	30000.0	-9519365644.990038
2963.884	31500.0	-9517526192.022308
4273.713	33000.0	-9518024394.055086
5578.433	32250.0	-9517496801.52903
6842.192	31875.0	-9517440267.258835
8129.039	32062.5	-9517450909.497719
9455.346	31687.5	-9517465116.052332
10738.798	31968.75	-9517441085.592201
11978.902	31781.25	-9517448215.384895
13200.357	31921.875	-9517439621.98861
14382.933	31898.4375	-9517439583.6957
15639.933	31910.15625	-9517439542.685026
16968.663	31904.296875	-9517439598.936829
18352.405	31916.015625	-9517439476.829393
19743.064	31913.0859375	-9517439406.194304
21153.499	31914.55078125	-9517439538.105574
