#Ne_opt: 33199.21875, f_opt: 16473407693.325886, n_iters: 11, n_calls: 25, flag: 1
call	runtime	Ne	ll
0	1960.836	30000.0	-16482570857.730598
1	3662.211	31500.0	-16475926277.011105
2	5247.904	33000.0	-16473443987.19886
3	6857.401	34500.0	-16474760568.88092
4	8436.194	33750.0	-16473650104.73708
5	10038.454	32250.0	-16474186278.641901
6	11980.822	33375.0	-16473431299.025105
7	13634.225	33187.5	-16473408753.54737
8	15166.956	33281.25	-16473412542.681581
9	16928.145	33093.75	-16473418980.09803
10	18691.012	33234.375	-16473408950.424793
11	20515.761	33140.625	-16473412345.184017
12	22282.458	33210.9375	-16473408204.016129
13	24031.649	33199.21875	-16473407693.325886
14	25852.399	33205.078125	-16473408488.16814
15	27676.186	33193.359375	-16473407949.04085
16	29643.288	33196.2890625	-16473408473.382378
17	31519.206	33202.1484375	-16473408650.49105
