#Ne_opt: 34576.171875, f_opt: 11027184377.766891, n_iters: 12, n_calls: 25, flag: 1
call	runtime	Ne	ll
0	1510.57	30000.0	-11038808155.810352
1	2582.846	31500.0	-11032267048.773876
2	3630.58	33000.0	-11028477969.401909
3	5004.585	34500.0	-11027187480.236235
4	6202.642	37500.0	-11031241803.592382
5	7230.941	36000.0	-11028172969.274189
6	8671.223	35250.0	-11027408523.594296
7	9763.175	33750.0	-11027534907.08189
8	10840.721	34875.0	-11027228501.350498
9	11974.758	34125.0	-11027288568.31131
10	13107.415	34687.5	-11027190429.202353
11	14420.234	34312.5	-11027220044.414322
12	15871.465	34593.75	-11027184507.168041
13	17385.104	34546.875	-11027184895.32898
14	18782.788	34640.625	-11027186364.293327
15	20206.226	34570.3125	-11027184427.209278
16	21475.967	34582.03125	-11027184403.463104
17	22651.151	34576.171875	-11027184377.766891
18	23762.703	34579.1015625	-11027184386.341726
19	24960.586	34573.2421875	-11027184396.831944
