#Ne_opt: 33338.37890625, f_opt: 21864523226.410637, n_iters: 12, n_calls: 25, flag: 1
call	runtime	Ne	ll
0	4244.052	30000.0	-21877728734.07309
1	8097.928	31500.0	-21868396805.219017
2	11861.871	33000.0	-21864648828.096054
3	15538.291	34500.0	-21865984872.19432
4	19214.838	33750.0	-21864711147.789
5	23128.839	32250.0	-21865857037.602318
6	26941.192	33375.0	-21864525048.20363
7	30843.728	33187.5	-21864547828.704063
8	34582.65	33562.5	-21864579849.85903
9	38279.727	33281.25	-21864526798.390175
10	42107.525	33468.75	-21864542515.231915
11	45874.7	33328.125	-21864523364.603508
12	49575.92	33351.5625	-21864523616.68387
13	53308.004	33304.6875	-21864524626.992653
14	56955.289	33339.84375	-21864523362.530693
15	60607.845	33333.984375	-21864523529.544857
16	64138.175	33345.703125	-21864523618.911507
17	67630.982	33336.9140625	-21864523370.246105
18	71167.404	33342.7734375	-21864523429.32538
19	74790.991	33338.37890625	-21864523226.410637
