#Ne_opt: 31283.203125, f_opt: 14541679408.551409, n_iters: 10, n_calls: 21, flag: 0
t	Ne	ll
2189.455	30000.0	-14543109780.22959
3989.805	31500.0	-14541721655.518068
5610.527	33000.0	-14544118268.947977
7315.156	30750.0	-14541918819.465855
9289.219	32250.0	-14542469671.986305
11195.767	31125.0	-14541699128.709427
13071.792	31312.5	-14541680489.872639
14883.229	31218.75	-14541682257.027393
16735.24	31406.25	-14541693541.256973
18555.57	31265.625	-14541679416.278627
20320.127	31289.0625	-14541679476.216156
22188.846	31242.1875	-14541680443.62957
24063.975	31277.34375	-14541679413.054665
25977.409	31271.484375	-14541679422.535301
27819.06	31283.203125	-14541679408.551409
