#Ne_opt: 33843.75, f_opt: 18994054993.09113, n_iters: 11, n_calls: 22, flag: 0
call	runtime	Ne	ll
0	2078.55	30000.0	-19008649568.16127
1	4047.477	31500.0	-18999285864.26442
2	6119.704	33000.0	-18994699924.401184
3	8201.69	34500.0	-18994458090.84434
4	10137.288	37500.0	-19005511306.745033
5	11949.031	36000.0	-18998172446.51645
6	13686.605	33750.0	-18994061337.7194
7	15469.321	34125.0	-18994133159.637543
8	17436.188	33375.0	-18994248305.37815
9	19095.77	33937.5	-18994065117.231102
10	20845.089	33562.5	-18994122073.29889
11	22489.955	33843.75	-18994054993.09113
12	24127.84	33796.875	-18994056345.35347
13	25918.833	33890.625	-18994058246.794853
14	27881.696	33820.3125	-18994055217.477417
15	29814.208	33867.1875	-18994056047.732254
16	32168.439	33832.03125	-18994055138.187675
17	33925.697	33855.46875	-18994055630.394035
18	35679.306	33837.890625	-18994054997.535576
