#Ne_opt: 33779.296875, f_opt: 28190455428.243248, n_iters: 12, n_calls: 25, flag: 1
call	runtime	Ne	ll
0	5893.182	30000.0	-28211428870.057686
1	11816.246	31500.0	-28197852889.34259
2	17055.873	33000.0	-28191296802.85711
3	21628.242	34500.0	-28191141655.56906
4	26027.261	37500.0	-28207820352.402374
5	30494.806	36000.0	-28196813097.93583
6	35091.202	33750.0	-28190457011.64358
7	39434.659	34125.0	-28190613287.154175
8	43754.822	33375.0	-28190682005.13222
9	47960.222	33937.5	-28190488012.87284
10	53003.304	33562.5	-28190521308.46539
11	57514.023	33843.75	-28190460904.17855
12	61956.691	33656.25	-28190477033.831562
13	66485.838	33796.875	-28190455997.48786
14	70470.698	33773.4375	-28190455956.031
15	75005.908	33785.15625	-28190455674.99966
16	79929.901	33779.296875	-28190455428.243248
17	84374.694	33782.2265625	-28190455580.269646
18	88487.122	33776.3671875	-28190455463.99376
