#Ne_opt: 33714.84375, f_opt: 19275168781.03506, n_iters: 11, n_calls: 25, flag: 1
call	runtime	Ne	ll
0	3472.354	30000.0	-19289335912.612396
1	6388.963	31500.0	-19280027394.55561
2	9341.028	33000.0	-19275652596.194534
3	12152.907	34500.0	-19275760461.984287
4	15059.405	33750.0	-19275172143.807762
5	18097.42	33375.0	-19275275357.973473
6	21011.628	34125.0	-19275336402.593887
7	23830.037	33562.5	-19275190040.95333
8	26793.784	33937.5	-19275221095.701523
9	29675.719	33656.25	-19275172919.09443
10	32637.598	33843.75	-19275187027.75486
11	35589.547	33703.125	-19275169880.29499
12	38707.974	33726.5625	-19275169850.71138
13	42052.497	33714.84375	-19275168781.03506
14	45296.051	33720.703125	-19275170140.750156
15	48552.914	33708.984375	-19275169379.33304
16	51667.586	33711.9140625	-19275170412.408245
17	54465.911	33717.7734375	-19275170075.390205
