#Ne_opt: 32748.046875, f_opt: 5483564425.093319, n_iters: 11, n_calls: 22, flag: 0
t	Ne	ll
392.006	30000.0	-5486029831.608806
725.508	31500.0	-5484055892.300025
1050.354	33000.0	-5483584082.505844
1358.759	34500.0	-5484477780.168849
1698.781	32250.0	-5483641149.555868
2012.14	33750.0	-5483868054.946397
2357.8	32625.0	-5483568982.016554
2726.265	32812.5	-5483565759.875275
3064.235	32718.75	-5483564662.706878
3411.106	32765.625	-5483564536.310614
3773.774	32742.1875	-5483564430.324329
4113.487	32753.90625	-5483564440.966262
4460.34	32730.46875	-5483564504.253
4822.256	32748.046875	-5483564425.093319
5185.44	32745.1171875	-5483564425.0982
