#Ne_opt: 35296.875, f_opt: 24842222651.948555, n_iters: 11, n_calls: 25, flag: 1
call	runtime	Ne	ll
0	3978.448	30000.0	-24876540394.015762
1	7661.67	31500.0	-24859306543.36477
2	11375.17	33000.0	-24848292524.20185
3	15563.074	34500.0	-24842940085.75358
4	19453.658	37500.0	-24847267778.98477
5	23479.713	36000.0	-24842744020.105827
6	27722.994	35250.0	-24842225873.62612
7	32126.973	35625.0	-24842334812.4252
8	36394.482	34875.0	-24842426771.87522
9	40304.15	35437.5	-24842242354.23535
10	43603.082	35062.5	-24842287468.36058
11	47135.223	35343.75	-24842224822.70485
12	50339.855	35296.875	-24842222651.948555
13	53439.107	35320.3125	-24842223174.118713
14	56469.423	35273.4375	-24842224267.257225
15	59591.324	35308.59375	-24842223265.518635
16	62958.525	35285.15625	-24842223867.029804
17	66419.909	35302.734375	-24842223418.59663
18	69668.71	35291.015625	-24842223543.39128
