#Ne_opt: 31631.8359375, f_opt: 6964155928.491852, n_iters: 12, n_calls: 25, flag: 1
t	Ne	ll
875.037	30000.0	-6965260366.147866
1542.698	31500.0	-6964163202.978704
2261.786	33000.0	-6964876216.280296
2984.804	32250.0	-6964304441.00795
3676.018	30750.0	-6964474178.6360035
4410.236	31875.0	-6964178916.008322
5123.327	31125.0	-6964260780.84126
5805.174	31687.5	-6964157143.462526
6544.577	31593.75	-6964156654.88064
7309.348	31640.625	-6964156095.668421
8046.819	31617.1875	-6964156133.566278
8785.974	31664.0625	-6964156263.482227
9522.224	31628.90625	-6964156041.956789
10294.348	31634.765625	-6964155965.851446
11041.23	31631.8359375	-6964155928.491852
11802.117	31633.30078125	-6964156065.770433
12606.678	31630.37109375	-6964155985.111586
13344.201	31631.103515625	-6964155970.513235
