#Ne_opt: 32228.02734375, f_opt: 22054340789.455, n_iters: 11, n_calls: 25, flag: 1
call	runtime	Ne	ll
0	2470.971	30000.0	-22060730980.822464
1	4675.171	31500.0	-22055017520.229404
2	6805.764	33000.0	-22055030244.299706
3	8949.901	32250.0	-22054340932.284897
4	11159.53	31875.0	-22054503035.03975
5	13182.855	32625.0	-22054519022.013702
6	15300.598	32062.5	-22054378940.50396
7	17352.597	32437.5	-22054388037.623993
8	19370.505	32156.25	-22054349007.218643
9	21393.025	32343.75	-22054353658.417355
10	23477.829	32203.125	-22054342914.72583
11	25508.959	32296.875	-22054344711.76375
12	27534.439	32226.5625	-22054340851.17582
13	29576.213	32238.28125	-22054341333.441307
14	31601.661	32214.84375	-22054341156.916866
15	33641.225	32220.703125	-22054341682.353096
16	35687.221	32232.421875	-22054341221.63566
17	37725.011	32229.4921875	-22054340993.30945
18	39772.379	32223.6328125	-22054341526.697067
19	41794.456	32228.02734375	-22054340789.455
