#Ne_opt: 32478.515625, f_opt: 8753533483.297579, n_iters: 11, n_calls: 22, flag: 0
t	Ne	ll
918.791	30000.0	-8756527942.209496
1589.262	31500.0	-8753984178.883709
2297.397	33000.0	-8753658097.204435
2967.709	34500.0	-8755344617.245283
3702.711	32250.0	-8753557509.945454
4441.638	32625.0	-8753543474.783882
5183.202	32437.5	-8753534225.025566
5923.869	32531.25	-8753534810.238005
6659.245	32343.75	-8753541771.16616
7386.816	32484.375	-8753533503.13162
8112.211	32460.9375	-8753533612.22717
8855.111	32507.8125	-8753533905.544903
9594.585	32472.65625	-8753533493.075825
10331.153	32478.515625	-8753533483.297579
11017.925	32475.5859375	-8753533485.461292
