#Ne_opt: 31054.6875, f_opt: 11495582583.452213, n_iters: 11, n_calls: 25, flag: 1
t	Ne	ll
1594.146	30000.0	-11496383017.132587
2990.31	31500.0	-11495717788.2706
4276.496	33000.0	-11498112305.683285
5547.431	30750.0	-11495649197.222288
6862.857	31125.0	-11495585806.024883
8199.271	30937.5	-11495592836.028276
9514.001	31312.5	-11495627952.871914
10890.27	31031.25	-11495583167.58647
12215.076	31078.125	-11495582943.794231
13505.206	31054.6875	-11495582583.452213
14590.275	31066.40625	-11495582604.590906
15843.526	31042.96875	-11495582852.40735
16991.648	31060.546875	-11495582609.57655
18195.281	31048.828125	-11495582644.131779
19461.677	31057.6171875	-11495582672.633356
20844.724	31051.7578125	-11495582702.4865
22142.699	31056.15234375	-11495582782.332767
