#Ne_opt: 32507.8125, f_opt: 28560317108.11274, n_iters: 11, n_calls: 25, flag: 1
call	runtime	Ne	ll
0	3703.306	30000.0	-28570550531.34178
1	7000.908	31500.0	-28561901829.330124
2	10263.875	33000.0	-28560702469.798733
3	13472.926	34500.0	-28566276874.174667
4	16736.958	32250.0	-28560414421.628204
5	20180.783	32625.0	-28560341994.400986
6	23693.434	32437.5	-28560323232.491203
7	27280.499	32531.25	-28560318628.129898
8	30452.59	32484.375	-28560318006.31382
9	33526.327	32507.8125	-28560317108.11274
10	36541.26	32496.09375	-28560317366.23694
11	39564.189	32519.53125	-28560317473.50444
12	42636.028	32501.953125	-28560317421.26425
13	45802.985	32513.671875	-28560317417.713852
14	49064.223	32510.7421875	-28560317776.031097
15	52073.213	32504.8828125	-28560317407.803234
