#Ne_opt: 31869.140625, f_opt: 11386641463.807535, n_iters: 10, n_calls: 20, flag: 0
t	Ne	ll
1013.24	30000.0	-11388973396.687883
1803.365	31500.0	-11386729153.83635
2607.599	33000.0	-11387441785.422543
3403.749	32250.0	-11386733846.15335
4205.057	30750.0	-11387462916.163233
5001.924	31875.0	-11386641488.539515
5796.843	31687.5	-11386662547.703419
6558.03	32062.5	-11386665438.18135
7370.358	31781.25	-11386646362.354643
8181.895	31968.75	-11386647871.131645
8996.96	31828.125	-11386642511.463827
9834.943	31921.875	-11386643277.966295
10661.747	31851.5625	-11386641649.00492
11479.471	31898.4375	-11386642027.305332
12286.895	31863.28125	-11386641481.952875
13066.258	31869.140625	-11386641463.807535
13883.334	31866.2109375	-11386641466.081978
