#Ne_opt: 32144.53125, f_opt: 33027009281.90564, n_iters: 11, n_calls: 25, flag: 1
call	runtime	Ne	ll
0	10172.76	30000.0	-33035450827.04747
1	20933.502	31500.0	-33027761324.35663
2	31384.778	33000.0	-33028251339.457764
3	41945.818	32250.0	-33027027931.864548
4	52202.727	31875.0	-33027140287.933926
5	62054.615	32625.0	-33027401755.713108
6	71171.991	32062.5	-33027022788.387726
7	79640.884	32156.25	-33027009699.637962
8	86899.978	32109.375	-33027014356.173264
9	92928.615	32203.125	-33027016564.486443
10	98615.437	32132.8125	-33027010592.883972
11	104209.995	32179.6875	-33027011659.6304
12	109700.954	32144.53125	-33027009281.90564
13	115246.242	32150.390625	-33027010439.478737
14	121230.933	32138.671875	-33027011343.149952
15	126902.852	32147.4609375	-33027013033.881187
16	132594.293	32141.6015625	-33027012096.24958
17	138274.435	32143.06640625	-33027012804.286304
18	144145.687	32145.99609375	-33027010610.443565
