#Ne_opt: 32876.953125, f_opt: 25580747702.748646, n_iters: 11, n_calls: 25, flag: 1
call	runtime	Ne	ll
0	4279.628	30000.0	-25592295655.761215
1	7936.879	31500.0	-25583304948.51931
2	11127.658	33000.0	-25580768670.69894
3	14262.589	34500.0	-25584096928.797226
4	17430.752	32250.0	-25581268825.105522
5	20559.67	33750.0	-25581733712.00384
6	23693.097	32625.0	-25580831665.6681
7	26938.473	33375.0	-25581071671.318962
8	29962.468	32812.5	-25580753355.002403
9	33043.881	32906.25	-25580748974.314705
10	36232.296	32859.375	-25580748567.39618
11	39335.697	32882.8125	-25580748209.093792
12	42429.54	32871.09375	-25580749107.66098
13	45534.545	32894.53125	-25580748423.37391
14	48715.226	32888.671875	-25580748500.282463
15	52249.851	32876.953125	-25580747702.748646
16	56263.026	32879.8828125	-25580748808.20659
