#Ne_opt: 32441.89453125, f_opt: 12378552355.894545, n_iters: 12, n_calls: 24, flag: 0
t	Ne	ll
2008.425	30000.0	-12382628938.256329
3726.315	31500.0	-12379138669.718693
5368.749	33000.0	-12378751995.037624
6955.025	34500.0	-12381182193.389687
8554.256	32250.0	-12378576245.319647
9987.243	32625.0	-12378574037.343233
11412.523	32437.5	-12378552372.732765
13192.85	32531.25	-12378557549.970942
15119.554	32343.75	-12378558550.179712
17192.02	32484.375	-12378553524.436092
19456.003	32390.625	-12378554055.347107
21441.697	32460.9375	-12378552605.724995
23492.678	32414.0625	-12378552847.813025
25420.039	32449.21875	-12378552395.045536
27285.873	32425.78125	-12378552505.714344
29080.398	32443.359375	-12378552365.253315
30816.938	32440.4296875	-12378552358.984983
32570.98	32441.89453125	-12378552355.894545
