#Ne_opt: 24984.375, f_opt: 9537720729.730495, n_iters: 9, n_calls: 20, flag: 1
call	runtime	Ne	ll
0	207.835	30000.0	-9558850969.873676
1	416.303	31500.0	-9572128444.635948
2	616.861	28500.0	-9548502076.623325
3	822.57	27000.0	-9541421837.186035
4	1032.112	24000.0	-9538637895.295021
5	1238.844	21000.0	-9554485715.372482
6	1441.675	25500.0	-9537984199.690594
7	1647.848	24750.0	-9537770331.468761
8	1851.637	25125.0	-9537745627.789656
9	2054.161	24937.5	-9537723622.789013
10	2253.655	25031.25	-9537728596.694729
11	2455.248	24843.75	-9537738615.26176
12	2664.448	24984.375	-9537720729.730495
13	2866.07	24960.9375	-9537723694.694208
