#Ne_opt: 26015.625, f_opt: 11405811026.007498, n_iters: 9, n_calls: 20, flag: 1
call	runtime	Ne	ll
0	136.557	30000.0	-11421411313.481955
1	264.72	31500.0	-11434412278.636766
2	393.321	28500.0	-11412081749.103928
3	525.279	27000.0	-11406826326.882425
4	657.726	24000.0	-11410485219.923111
5	785.49	25500.0	-11406108380.768713
6	914.242	26250.0	-11405867439.835855
7	1043.683	25875.0	-11405834392.04701
8	1173.45	26062.5	-11405812180.634628
9	1305.527	25968.75	-11405813299.181345
10	1436.775	26156.25	-11405832097.073483
11	1568.283	26015.625	-11405811026.007498
12	1703.071	26039.0625	-11405811537.055054
13	1831.884	25992.1875	-11405812946.828524
14	1963.111	26027.34375	-11405811725.606247
