#Ne_opt: 25617.1875, f_opt: 25598037380.349384, n_iters: 10, n_calls: 20, flag: 1
call	runtime	Ne	ll
0	816.928	30000.0	-25640863419.2041
1	1629.586	31500.0	-25672658988.40366
2	2434.697	28500.0	-25617196834.33952
3	3240.614	27000.0	-25602590781.382927
4	4063.042	24000.0	-25604883175.789284
5	4876.247	25500.0	-25598077000.76921
6	5688.713	26250.0	-25599000270.350338
7	6507.445	24750.0	-25599987593.06504
8	7338.378	25875.0	-25598198457.363663
9	8150.375	25125.0	-25598667939.41964
10	8940.389	25687.5	-25598052709.53402
11	9724.094	25593.75	-25598046200.98613
12	10510.445	25640.625	-25598041877.650352
13	11239.694	25617.1875	-25598037380.349384
14	11934.218	25628.90625	-25598041286.157307
