#Ne_opt: 25851.5625, f_opt: 16492080856.527908, n_iters: 9, n_calls: 20, flag: 1
call	runtime	Ne	ll
0	427.871	30000.0	-16516814731.040188
1	854.71	31500.0	-16536319121.324741
2	1279.519	28500.0	-16502550237.368477
3	1714.452	27000.0	-16494146227.792137
4	2145.062	24000.0	-16497704311.735762
5	2568.888	25500.0	-16492265362.15231
6	3007.896	26250.0	-16492343234.728369
7	3447.233	24750.0	-16494023826.554127
8	3888.177	25875.0	-16492086247.933075
9	4325.566	25687.5	-16492121300.890472
10	4711.698	26062.5	-16492159013.396383
11	5097.913	25781.25	-16492086277.237295
12	5483.969	25968.75	-16492106883.143688
13	5872.078	25828.125	-16492082037.293736
14	6263.651	25851.5625	-16492080856.527908
15	6654.726	25839.84375	-16492084547.138317
