#Ne_opt: 26378.90625, f_opt: 19014032546.44572, n_iters: 10, n_calls: 20, flag: 1
call	runtime	Ne	ll
0	524.483	30000.0	-19034920730.042686
1	1039.375	31500.0	-19054374846.91971
2	1547.266	28500.0	-19021473731.81515
3	2051.879	27000.0	-19014705327.43898
4	2542.38	24000.0	-19024402504.16395
5	3059.742	25500.0	-19015378251.21915
6	3593.606	26250.0	-19014058532.91153
7	4106.227	26625.0	-19014142689.961742
8	4616.417	25875.0	-19014466210.641083
9	5110.93	26437.5	-19014039668.22405
10	5609.302	26343.75	-19014034817.24946
11	6110.118	26390.625	-19014033605.95349
12	6613.019	26367.1875	-19014033209.831844
13	7123.166	26378.90625	-19014032546.44572
