#Ne_opt: 25312.5, f_opt: 17866771098.484497, n_iters: 10, n_calls: 20, flag: 1
call	runtime	Ne	ll
0	586.607	30000.0	-17901076980.730072
1	1098.385	31500.0	-17924570801.059998
2	1648.8	28500.0	-17883189890.247116
3	2187.279	27000.0	-17871535745.675396
4	2713.141	24000.0	-17869920947.381947
5	3263.661	21000.0	-17903782889.041378
6	3783.085	25500.0	-17866829820.24997
7	4292.148	24750.0	-17867344086.13703
8	4803.898	26250.0	-17868264712.03956
9	5320.226	25125.0	-17866836115.404205
10	5826.137	25875.0	-17867311866.386414
11	6288.607	25312.5	-17866771098.484497
12	6734.818	25406.25	-17866787229.03543
13	7177.955	25218.75	-17866787244.53057
14	7626.234	25359.375	-17866775770.09064
15	8085.476	25265.625	-17866775544.756706
16	8523.491	25289.0625	-17866771766.73745
