#Ne_opt: 25781.25, f_opt: 22091355499.26073, n_iters: 9, n_calls: 20, flag: 1
call	runtime	Ne	ll
0	467.652	30000.0	-22126051948.63905
1	925.176	31500.0	-22152922663.99116
2	1380.85	28500.0	-22106308622.74043
3	1842.356	27000.0	-22094495709.209488
4	2303.141	24000.0	-22098448995.07952
5	2767.802	25500.0	-22091518016.328197
6	3236.046	26250.0	-22091839981.860344
7	3704.434	24750.0	-22093680300.86021
8	4171.954	25875.0	-22091383076.141575
9	4634.086	25687.5	-22091377436.09797
10	5095.174	25781.25	-22091355499.26073
11	5563.445	25734.375	-22091362547.979362
12	6026.814	25828.125	-22091363993.213875
13	6484.224	25757.8125	-22091356498.76976
14	6943.154	25804.6875	-22091360408.701824
15	7408.88	25769.53125	-22091356602.690613
