#Ne_opt: 26542.96875, f_opt: 19302533006.232086, n_iters: 10, n_calls: 20, flag: 1
call	runtime	Ne	ll
0	830.469	30000.0	-19321882473.311108
1	1577.556	31500.0	-19340975350.35751
2	2471.983	28500.0	-19308959941.920567
3	3387.324	27000.0	-19302899445.620056
4	4178.231	24000.0	-19314650749.19084
5	4912.499	25500.0	-19304486065.80723
6	5678.662	26250.0	-19302682613.28694
7	6503.382	26625.0	-19302545319.29651
8	7208.105	26437.5	-19302551454.675156
9	7887.645	26812.5	-19302662023.615425
10	8380.302	26531.25	-19302533497.1622
11	8823.837	26578.125	-19302535268.236935
12	9262.962	26484.375	-19302538426.908764
13	9709.197	26554.6875	-19302533798.125084
14	10147.091	26507.8125	-19302534922.197834
15	10590.663	26542.96875	-19302533006.232086
