#Ne_opt: 26144.53125, f_opt: 11515201181.706848, n_iters: 10, n_calls: 20, flag: 1
call	runtime	Ne	ll
0	169.701	30000.0	-11530037588.96204
1	332.394	31500.0	-11542843534.196869
2	496.435	28500.0	-11520953078.911606
3	662.566	27000.0	-11515999252.965534
4	829.383	24000.0	-11520464542.986134
5	994.12	25500.0	-11515649509.396698
6	1156.753	26250.0	-11515216115.011326
7	1322.006	25875.0	-11515276884.89914
8	1488.79	26625.0	-11515459402.573563
9	1655.794	26062.5	-11515207578.172611
10	1819.752	26156.25	-11515201725.159336
11	1984.268	26109.375	-11515202546.567278
12	2149.059	26203.125	-11515207031.845978
13	2316.135	26132.8125	-11515201426.036646
14	2481.122	26144.53125	-11515201181.706848
