#Ne_opt: 24609.375, f_opt: 33063433014.022293, n_iters: 10, n_calls: 20, flag: 1
call	runtime	Ne	ll
0	1354.291	30000.0	-33151344233.670353
1	2721.683	31500.0	-33202133333.656376
2	4077.643	28500.0	-33110861354.123066
3	5447.16	27000.0	-33082029554.133636
4	6814.751	24000.0	-33064724754.893215
5	8190.663	21000.0	-33113456623.839985
6	9530.813	25500.0	-33066124890.94786
7	10854.61	22500.0	-33079755478.621754
8	12189.855	24750.0	-33063512454.55401
9	13517.039	24375.0	-33063631535.50585
10	14863.149	25125.0	-33064346868.901558
11	16202.363	24562.5	-33063446044.024067
12	17523.523	24656.25	-33063441013.02555
13	18836.398	24609.375	-33063433014.022293
14	20210.373	24632.8125	-33063436242.856697
