#Ne_opt: 25500.0, f_opt: 12384198649.180904, n_iters: 10, n_calls: 20, flag: 1
call	runtime	Ne	ll
0	395.891	30000.0	-12406060588.231686
1	735.777	31500.0	-12421779334.173077
2	1084.479	28500.0	-12394260381.823801
3	1449.796	27000.0	-12386806021.918415
4	1767.01	24000.0	-12387030652.331707
5	2103.422	25500.0	-12384198649.180904
6	2457.774	26250.0	-12384861736.223194
7	2805.799	24750.0	-12384893839.367603
8	3197.015	25875.0	-12384365435.336708
9	3590.169	25125.0	-12384371448.715027
10	4035.387	25687.5	-12384240351.615047
11	4392.244	25312.5	-12384242004.274746
12	4691.883	25593.75	-12384209018.094242
13	5004.233	25406.25	-12384209882.454494
14	5375.989	25546.875	-12384201205.89209
15	5693.579	25453.125	-12384201424.888422
16	6044.843	25523.4375	-12384199249.348265
17	6374.105	25476.5625	-12384199374.380322
18	6695.471	25511.71875	-12384198745.855728
