#Ne_opt: 25781.25, f_opt: 28215391917.862, n_iters: 10, n_calls: 20, flag: 1
call	runtime	Ne	ll
0	1186.449	30000.0	-28258769361.28531
1	2337.157	31500.0	-28292355644.563927
2	3484.886	28500.0	-28234074619.453117
3	4650.688	27000.0	-28219309030.948563
4	5816.364	24000.0	-28224289405.60321
5	6885.667	25500.0	-28215596780.635635
6	7944.646	26250.0	-28215991587.18537
7	8977.987	24750.0	-28218313338.4423
8	10002.594	25875.0	-28215424033.687927
9	11011.958	25687.5	-28215419825.73624
10	12031.463	25781.25	-28215391917.862
11	13044.238	25734.375	-28215399357.106255
12	14030.335	25828.125	-28215400940.297047
13	15027.311	25757.8125	-28215392960.276695
14	16023.904	25804.6875	-28215397733.790874
15	17025.641	25769.53125	-28215392927.965294
