#Ne_opt: 26953.125, f_opt: 24879957194.883675, n_iters: 9, n_calls: 20, flag: 1
call	runtime	Ne	ll
0	806.015	30000.0	-24899225444.51615
1	1597.484	31500.0	-24921145195.080975
2	2382.974	28500.0	-24885209272.89306
3	3173.379	27000.0	-24879972143.93733
4	3956.023	24000.0	-24900049609.28192
5	4742.397	25500.0	-24884521204.850037
6	5522.863	26250.0	-24880954039.73272
7	6310.17	27750.0	-24881435675.76851
8	7086.458	26625.0	-24880145782.889435
9	7871.005	27375.0	-24880407900.72792
10	8656.368	26812.5	-24879980053.747578
11	9441.284	27187.5	-24880115091.233646
12	10222.712	26906.25	-24879962005.457657
13	11005.23	26953.125	-24879957194.883675
14	11786.449	26929.6875	-24879960276.883987
15	12565.587	26976.5625	-24879966124.545876
16	13355.863	26941.40625	-24879964844.089104
