#Ne_opt: 25816.40625, f_opt: 8764961930.814842, n_iters: 10, n_calls: 20, flag: 1
call	runtime	Ne	ll
0	129.137	30000.0	-8778168355.464201
1	242.534	31500.0	-8788536170.72438
2	354.768	28500.0	-8770586212.892952
3	464.232	27000.0	-8766093944.275288
4	577.195	24000.0	-8767869093.791166
5	691.159	25500.0	-8765047788.45382
6	803.207	26250.0	-8765115543.872242
7	914.428	24750.0	-8765945696.265327
8	1023.657	25875.0	-8764964537.567856
9	1133.064	25687.5	-8764976469.694614
10	1244.579	26062.5	-8765011193.304081
11	1355.83	25781.25	-8764963136.423674
12	1467.105	25828.125	-8764962004.420256
13	1577.953	25804.6875	-8764962112.671097
14	1687.709	25851.5625	-8764962785.576492
15	1800.984	25816.40625	-8764961930.814842
