#Ne_opt: 26132.8125, f_opt: 21909533383.32258, n_iters: 10, n_calls: 20, flag: 1
call	runtime	Ne	ll
0	662.611	30000.0	-21937429170.49735
1	1301.421	31500.0	-21961518336.43112
2	1928.395	28500.0	-21920333886.753113
3	2552.417	27000.0	-21911023678.07287
4	3204.818	24000.0	-21919482254.159576
5	3856.302	25500.0	-21910388006.000042
6	4512.371	26250.0	-21909560241.261383
7	5138.548	25875.0	-21909681891.903305
8	5718.783	26625.0	-21910012570.632915
9	6304.588	26062.5	-21909546822.515427
10	6895.064	26156.25	-21909534177.70989
11	7484.7	26109.375	-21909534728.872986
12	8077.972	26203.125	-21909544151.38203
13	8656.731	26132.8125	-21909533383.32258
14	9232.053	26144.53125	-21909533838.384888
