#Ne_opt: 25921.875, f_opt: 14556541006.761486, n_iters: 10, n_calls: 20, flag: 1
call	runtime	Ne	ll
0	266.715	30000.0	-14577508649.449974
1	524.838	31500.0	-14594482087.193903
2	790.234	28500.0	-14565215503.727516
3	1054.033	27000.0	-14558111863.988106
4	1306.984	24000.0	-14561964464.078112
5	1583.522	25500.0	-14556793409.038683
6	1839.684	26250.0	-14556688344.519978
7	2106.08	25875.0	-14556544349.866013
8	2354.966	26062.5	-14556567860.309849
9	2610.143	25687.5	-14556619181.736387
10	2862.752	25968.75	-14556543817.124735
11	3122.07	25921.875	-14556541006.761486
12	3371.854	25945.3125	-14556541751.552567
13	3634.605	25898.4375	-14556541803.017895
14	3885.662	25933.59375	-14556541137.607025
