#Ne_opt: 25218.75, f_opt: 29707442412.557117, n_iters: 9, n_calls: 20, flag: 1
call	runtime	Ne	ll
0	1663.218	30000.0	-29767481566.87664
1	3323.119	31500.0	-29807203013.266983
2	4983.484	28500.0	-29736866091.671127
3	6669.25	27000.0	-29716567886.62242
4	8367.411	24000.0	-29711721785.80057
5	10050.2	21000.0	-29765438805.36716
6	11697.919	25500.0	-29707717773.690853
7	13333.32	24750.0	-29708028933.35559
8	14950.224	26250.0	-29710628690.03791
9	16548.389	25125.0	-29707455046.409424
10	18153.248	25312.5	-29707489216.111828
11	19798.693	24937.5	-29707633781.805473
12	21412.993	25218.75	-29707442412.557117
13	23020.878	25171.875	-29707443545.440372
14	24588.853	25265.625	-29707462601.212856
15	26082.55	25195.3125	-29707443842.110878
