#Ne_opt: 26671.875, f_opt: 4753526169.007434, n_iters: 10, n_calls: 20, flag: 1
call	runtime	Ne	ll
0	76.794	30000.0	-4757862068.195173
1	133.74	31500.0	-4762354973.154993
2	193.873	28500.0	-4754878927.717381
3	255.569	27000.0	-4753570592.425047
4	315.57	24000.0	-4756789601.1550255
5	373.95	25500.0	-4754131157.510911
6	430.51	26250.0	-4753603902.484023
7	494.891	27750.0	-4754004004.070105
8	554.563	26625.0	-4753527245.961345
9	614.632	26812.5	-4753534149.256541
10	676.734	26437.5	-4753550367.478829
11	735.603	26718.75	-4753526971.486607
12	791.196	26671.875	-4753526169.007434
13	854.203	26695.3125	-4753526332.458958
14	913.78	26648.4375	-4753526473.8213825
15	972.621	26683.59375	-4753526192.351144
