#Ne_opt: 27316.40625, f_opt: 6978753995.786437, n_iters: 10, n_calls: 20, flag: 1
call	runtime	Ne	ll
0	178.629	30000.0	-6982669730.364903
1	359.023	31500.0	-6987958215.097157
2	553.192	28500.0	-6979542033.433593
3	739.982	27000.0	-6978812921.736164
4	922.477	24000.0	-6985714318.193764
5	1092.947	25500.0	-6980760735.079462
6	1267.933	27750.0	-6978861372.399256
7	1442.266	26250.0	-6979432967.151855
8	1634.999	27375.0	-6978755907.766738
9	1823.069	27187.5	-6978763829.512045
10	2014.501	27562.5	-6978788619.279148
11	2197.279	27281.25	-6978754759.725004
12	2381.375	27328.125	-6978754060.420105
13	2544.005	27304.6875	-6978754088.496763
14	2705.391	27351.5625	-6978754666.342592
15	2879.298	27316.40625	-6978753995.786437
