#Ne_opt: 26214.84375, f_opt: 11047369642.440145, n_iters: 10, n_calls: 20, flag: 1
call	runtime	Ne	ll
0	243.61	30000.0	-11060742892.79
1	475.924	31500.0	-11072549063.445574
2	704.427	28500.0	-11052432308.657375
3	933.481	27000.0	-11047998469.865051
4	1165.069	24000.0	-11052630417.873672
5	1397.971	25500.0	-11047887488.67721
6	1624.579	26250.0	-11047371552.839994
7	1853.737	25875.0	-11047482550.217491
8	2081.089	26625.0	-11047546122.755955
9	2310.222	26062.5	-11047390794.142214
10	2537.065	26437.5	-11047423589.802147
11	2767.05	26156.25	-11047372063.100407
12	2993.337	26343.75	-11047388853.266033
13	3223.338	26203.125	-11047369686.04496
14	3458.992	26226.5625	-11047370004.60897
15	3691.184	26179.6875	-11047370423.018452
16	3920.905	26214.84375	-11047369642.440145
