#Ne_opt: 28769.53125, f_opt: 5490316028.779453, n_iters: 10, n_calls: 20, flag: 1
call	runtime	Ne	ll
0	60.403	30000.0	-5490952026.371827
1	108.099	31500.0	-5493352876.438808
2	158.971	28500.0	-5490348344.255611
3	212.561	27000.0	-5491737366.338892
4	262.959	29250.0	-5490414048.608639
5	313.661	27750.0	-5490780340.396243
6	364.746	28875.0	-5490320619.756159
7	412.502	28687.5	-5490319133.61612
8	461.758	28781.25	-5490316063.318802
9	510.419	28734.375	-5490316641.664256
10	561.891	28828.125	-5490317391.596676
11	613.334	28757.8125	-5490316113.693992
12	662.746	28804.6875	-5490316489.625334
13	711.889	28769.53125	-5490316028.779453
14	763.542	28775.390625	-5490316031.115564
