#Ne_opt: 21187.5, f_opt: 3883814318.405065, n_iters: 10, n_calls: 20, flag: 1
call	runtime	Ne	ll
0	32.392	30000.0	-3918835198.31829
1	62.537	31500.0	-3930168711.5641065
2	93.153	28500.0	-3908794525.866132
3	124.08	27000.0	-3900185797.727472
4	155.533	24000.0	-3887948828.2132397
5	187.184	21000.0	-3883837596.224486
6	218.766	15000.0	-3911413860.8411283
7	250.289	18000.0	-3890362004.3111057
8	281.591	22500.0	-3884744408.9216456
9	313.141	19500.0	-3885569321.003066
10	344.496	21750.0	-3883984115.411578
11	375.679	20250.0	-3884349414.391374
12	406.596	21375.0	-3883831443.1587343
13	439.295	21187.5	-3883814318.405065
14	470.765	21281.25	-3883817873.8020287
15	502.505	21093.75	-3883820862.9440985
16	535.083	21234.375	-3883814839.4004445
