#Ne_opt: 17953.125, f_opt: 15968089505.304825, n_iters: 10, n_calls: 20, flag: 1
call	runtime	Ne	ll
0	606.22	30000.0	-16289477656.685593
1	1156.434	31500.0	-16360493825.643242
2	1693.51	28500.0	-16223559673.833086
3	2226.444	27000.0	-16163336809.221893
4	2765.167	24000.0	-16062663916.457443
5	3327.771	21000.0	-15994249533.774872
6	3871.985	15000.0	-15999662899.755207
7	4386.719	18000.0	-15968091138.115149
8	4922.136	19500.0	-15975090674.540165
9	5470.005	16500.0	-15975374111.64057
10	6030.938	18750.0	-15969950199.526344
11	6585.637	17250.0	-15969794538.296509
12	7180.037	17625.0	-15968478548.186722
13	7762.172	18375.0	-15968593668.858612
14	8349.01	17812.5	-15968170931.118053
15	8922.54	18187.5	-15968232954.01154
16	9484.616	17906.25	-15968102493.621994
17	10059.109	18093.75	-15968134570.21304
18	10637.262	17953.125	-15968089505.304825
