#Ne_opt: 18562.5, f_opt: 26020173964.06202, n_iters: 10, n_calls: 20, flag: 1
call	runtime	Ne	ll
0	908.705	30000.0	-26479093194.21821
1	1789.071	31500.0	-26586775617.171284
2	2690.589	28500.0	-26379698010.75642
3	3595.422	27000.0	-26289654726.91135
4	4482.983	24000.0	-26141992602.064854
5	5402.555	21000.0	-26047193536.84326
6	6340.774	15000.0	-26090695843.013992
7	7315.417	18000.0	-26021659274.94075
8	8409.162	19500.0	-26024464401.229504
9	9481.886	16500.0	-26042256367.258587
10	10553.433	18750.0	-26020372721.94599
11	11671.777	18375.0	-26020317043.612
12	12852.706	18562.5	-26020173964.06202
13	14039.354	18468.75	-26020201480.004425
14	15257.502	18656.25	-26020232221.28881
15	16481.479	18515.625	-26020176365.165115
