#Ne_opt: 18281.25, f_opt: 12719980338.499453, n_iters: 10, n_calls: 20, flag: 1
call	runtime	Ne	ll
0	223.437	30000.0	-12961221445.697279
1	446.478	31500.0	-13016320700.823837
2	678.171	28500.0	-12910273701.33614
3	912.25	27000.0	-12863927707.988686
4	1147.059	24000.0	-12787231265.875732
5	1382.278	21000.0	-12736630081.368942
6	1611.063	15000.0	-12750376891.576706
7	1832.311	18000.0	-12720181217.648184
8	2049.481	19500.0	-12723491913.42838
9	2265.835	16500.0	-12728409297.817513
10	2480.309	18750.0	-12720510946.608973
11	2695.853	17250.0	-12722728913.181412
12	2909.532	18375.0	-12720001154.683231
13	3120.429	18187.5	-12720003041.260584
14	3336.388	18562.5	-12720171533.04948
15	3565.524	18281.25	-12719980338.499453
16	3797.042	18328.125	-12719985359.52983
