#Ne_opt: 17812.5, f_opt: 7750925438.815134, n_iters: 10, n_calls: 20, flag: 1
call	runtime	Ne	ll
0	158.837	30000.0	-7911209915.498737
1	302.325	31500.0	-7946026561.704603
2	445.261	28500.0	-7878818292.058048
3	587.957	27000.0	-7849165887.4348545
4	733.762	24000.0	-7799348672.486389
5	879.842	21000.0	-7765014164.041119
6	1026.668	15000.0	-7764685929.215235
7	1180.512	9000.0	-7936330558.250769
8	1325.939	18000.0	-7750978723.941584
9	1470.625	16500.0	-7753747710.483846
10	1614.148	19500.0	-7755076246.481663
11	1757.741	17250.0	-7751432431.035711
12	1902.836	18750.0	-7752238543.498344
13	2046.042	17625.0	-7750981924.684117
14	2189.309	18375.0	-7751403710.662703
15	2332.642	17812.5	-7750925438.815134
16	2476.171	17906.25	-7750938071.466648
