#Ne_opt: 19125.0, f_opt: 14265932727.355183, n_iters: 10, n_calls: 20, flag: 1
call	runtime	Ne	ll
0	301.28	30000.0	-14485475467.387894
1	588.405	31500.0	-14540408521.315676
2	877.725	28500.0	-14435130465.03322
3	1172.491	27000.0	-14389947747.774227
4	1466.72	24000.0	-14317497598.532589
5	1757.84	21000.0	-14274264776.955645
6	2055.928	15000.0	-14316586660.537128
7	2354.894	18000.0	-14269298583.313091
8	2650.849	19500.0	-14266277322.022512
9	2949.711	18750.0	-14266302895.268852
10	3266.865	20250.0	-14268998607.826258
11	3641.255	19125.0	-14265932727.355183
12	4052.669	19312.5	-14266017081.628115
13	4452.013	18937.5	-14266030286.669048
14	4840.442	19218.75	-14265951739.918415
15	5224.004	19031.25	-14265956311.191154
16	5593.577	19171.875	-14265936512.053734
