#Ne_opt: 18843.75, f_opt: 19681162516.424328, n_iters: 10, n_calls: 20, flag: 1
call	runtime	Ne	ll
0	701.887	30000.0	-20005603663.296825
1	1380.903	31500.0	-20084343174.476124
2	2047.376	28500.0	-19933222993.847427
3	2683.084	27000.0	-19867960453.34752
4	3320.607	24000.0	-19762140337.14168
5	3996.351	21000.0	-19696615406.961666
6	4652.876	15000.0	-19743155482.03026
7	5317.095	18000.0	-19683855157.745155
8	6001.161	19500.0	-19682644576.874973
9	6740.818	18750.0	-19681202609.50526
10	7512.518	19125.0	-19681430947.20291
11	8279.695	18375.0	-19681995666.876167
12	9057.379	18937.5	-19681194204.073772
13	9846.698	18843.75	-19681162516.424328
14	10687.419	18890.625	-19681172452.37287
