#Ne_opt: 17906.25, f_opt: 30810011388.273796, n_iters: 10, n_calls: 20, flag: 1
call	runtime	Ne	ll
0	1367.926	30000.0	-31444027403.586388
1	2773.208	31500.0	-31582893846.852264
2	4199.669	28500.0	-31314844246.588413
3	5644.07	27000.0	-31196743797.670166
4	7090.758	24000.0	-30998903371.897842
5	8543.404	21000.0	-30863531386.657707
6	10040.511	15000.0	-30868395849.104465
7	11548.08	18000.0	-30810076049.665565
8	13033.216	19500.0	-30825031410.6472
9	14562.416	16500.0	-30822786529.677544
10	16108.942	17250.0	-30812680416.09055
11	18099.517	18750.0	-30814373569.59485
12	20175.228	17625.0	-30810476344.592533
13	22269.757	18375.0	-30811399528.390003
14	24181.82	17812.5	-30810055624.078453
15	26081.212	17906.25	-30810011388.273796
16	28126.301	17859.375	-30810018935.3816
