#Ne_opt: 17859.375, f_opt: 27618954417.539673, n_iters: 10, n_calls: 20, flag: 1
call	runtime	Ne	ll
0	1513.386	30000.0	-28187361531.35994
1	3055.39	31500.0	-28311283960.52313
2	4735.147	28500.0	-28071932278.881153
3	6429.208	27000.0	-27966371247.500072
4	8286.142	24000.0	-27789328039.721878
5	10178.604	21000.0	-27667771282.172832
6	12068.401	15000.0	-27669748395.339474
7	14131.185	18000.0	-27619059515.79677
8	16162.869	19500.0	-27632947888.22894
9	18863.527	16500.0	-27629776451.923737
10	21888.012	17250.0	-27621081717.800423
11	24931.042	18750.0	-27623174640.265854
12	27979.886	17625.0	-27619268658.70416
13	31437.662	18375.0	-27620382202.844803
14	34573.566	17812.5	-27618968140.385345
15	37346.732	17906.25	-27618965533.21006
16	40182.448	17859.375	-27618954417.539673
