#Ne_opt: 19312.5, f_opt: 17104392921.959002, n_iters: 10, n_calls: 20, flag: 1
call	runtime	Ne	ll
0	410.59	30000.0	-17357715333.899193
1	802.699	31500.0	-17422314600.198074
2	1192.461	28500.0	-17298676977.592697
3	1576.703	27000.0	-17245836963.389744
4	1960.799	24000.0	-17161685128.257591
5	2347.306	21000.0	-17112657648.291521
6	2739.638	15000.0	-17169406333.194366
7	3128.556	18000.0	-17109620968.738968
8	3564.046	19500.0	-17104521542.894623
9	4014.354	18750.0	-17105286179.992704
10	4471.598	20250.0	-17107059356.947823
11	4928.951	19125.0	-17104474666.818048
12	5397.865	19312.5	-17104392921.959002
13	5876.483	19218.75	-17104406628.28329
14	6401.054	19406.25	-17104430855.825035
15	6912.362	19265.625	-17104393131.597115
