#Ne_opt: 20578.125, f_opt: 4778244822.095169, n_iters: 10, n_calls: 20, flag: 1
call	runtime	Ne	ll
0	106.007	30000.0	-4827229807.77883
1	200.19	31500.0	-4841837872.186502
2	294.142	28500.0	-4814137165.883516
3	389.93	27000.0	-4802728031.794139
4	487.498	24000.0	-4785764109.332879
5	583.792	21000.0	-4778363641.050292
6	678.324	15000.0	-4805805299.443146
7	770.67	18000.0	-4783503874.653969
8	867.8	19500.0	-4779128449.524076
9	959.228	22500.0	-4780709484.957624
10	1048.937	20250.0	-4778328585.553226
11	1143.977	20625.0	-4778245596.89526
12	1235.321	20437.5	-4778261492.728592
13	1326.836	20812.5	-4778279943.777816
14	1418.299	20531.25	-4778247206.073605
15	1510.487	20718.75	-4778256549.842891
16	1600.358	20578.125	-4778244822.095169
