#Ne_opt: 19218.75, f_opt: 17155462266.711308, n_iters: 10, n_calls: 20, flag: 1
call	runtime	Ne	ll
0	455.517	30000.0	-17410882440.190857
1	879.067	31500.0	-17475601994.95908
2	1294.502	28500.0	-17351680104.465908
3	1707.455	27000.0	-17298643660.61419
4	2105.314	24000.0	-17213981084.82728
5	2502.706	21000.0	-17164243446.74894
6	2906.569	15000.0	-17218762672.072006
7	3294.97	18000.0	-17160253930.65817
8	3672.223	19500.0	-17155667220.27151
9	4036.865	18750.0	-17156184988.496027
10	4400.755	20250.0	-17158434449.410782
11	4788.982	19125.0	-17155499372.836464
12	5171.221	19312.5	-17155478748.113667
13	5540.694	19218.75	-17155462266.711308
14	5955.701	19265.625	-17155463948.790478
