#Ne_opt: 19171.875, f_opt: 3151158361.037938, n_iters: 10, n_calls: 20, flag: 1
call	runtime	Ne	ll
0	52.38	30000.0	-3198857860.7398853
1	99.404	31500.0	-3210867483.3431025
2	147.341	28500.0	-3187870580.4592633
3	194.835	27000.0	-3178015026.689476
4	243.405	24000.0	-3162240305.704536
5	290.627	21000.0	-3152893131.4918056
6	338.477	15000.0	-3162529289.1564293
7	386.03	18000.0	-3151960969.369315
8	433.578	19500.0	-3151215455.239073
9	480.586	18750.0	-3151261337.5776787
10	527.944	20250.0	-3151774106.711096
11	574.139	19125.0	-3151159875.777705
12	621.925	19312.5	-3151168417.052021
13	668.572	18937.5	-3151190584.519891
14	715.541	19218.75	-3151159290.4884033
15	766.173	19171.875	-3151158361.037938
