#Ne_opt: 18937.5, f_opt: 9483667116.360695, n_iters: 10, n_calls: 20, flag: 1
call	runtime	Ne	ll
0	164.716	30000.0	-9634922763.665573
1	313.64	31500.0	-9672085965.548203
2	463.324	28500.0	-9600826498.480183
3	613.851	27000.0	-9570131338.847994
4	764.668	24000.0	-9520564136.669834
5	916.92	21000.0	-9490293698.961119
6	1069.121	15000.0	-9514809201.44472
7	1219.86	18000.0	-9485289287.063879
8	1371.981	19500.0	-9484155772.157778
9	1524.299	18750.0	-9483741353.95405
10	1680.103	19125.0	-9483712947.493755
11	1834.689	18937.5	-9483667116.360695
12	1989.281	19031.25	-9483675129.731852
13	2142.225	18843.75	-9483688973.400702
14	2294.27	18984.375	-9483667339.976051
