#Ne_opt: 21281.25, f_opt: 9594608167.453835, n_iters: 10, n_calls: 20, flag: 1
call	runtime	Ne	ll
0	261.096	30000.0	-9678494930.836142
1	490.669	31500.0	-9705895620.657972
2	730.399	28500.0	-9654248774.956429
3	955.015	27000.0	-9633500962.72417
4	1171.666	24000.0	-9604177412.495039
5	1391.139	21000.0	-9594712913.41423
6	1622.067	15000.0	-9663324945.525818
7	1834.729	18000.0	-9611253171.057743
8	2050.615	22500.0	-9596636151.754614
9	2267.6	19500.0	-9599240741.113375
10	2482.107	21750.0	-9594923581.455502
11	2704.967	20250.0	-9596108588.878544
12	2926.924	21375.0	-9594624639.372946
13	3149.235	21187.5	-9594619123.061012
14	3369.995	21281.25	-9594608167.453835
15	3604.622	21234.375	-9594610756.653631
