#Ne_opt: 18515.625, f_opt: 6968138929.92788, n_iters: 10, n_calls: 20, flag: 1
call	runtime	Ne	ll
0	93.688	30000.0	-7092596615.305386
1	180.148	31500.0	-7121723853.443958
2	267.286	28500.0	-7065732750.659727
3	354.147	27000.0	-7041376430.802235
4	442.781	24000.0	-7001383444.463181
5	527.779	21000.0	-6975622639.184909
6	608.767	15000.0	-6986824231.981624
7	689.199	18000.0	-6968493939.862811
8	774.75	19500.0	-6969376547.9568
9	861.651	16500.0	-6973908880.23822
10	948.473	18750.0	-6968211660.730915
11	1034.124	18375.0	-6968164567.346405
12	1120.047	18562.5	-6968142009.622771
13	1207.178	18468.75	-6968141641.290354
14	1293.312	18515.625	-6968138929.92788
