#Ne_opt: 18328.125, f_opt: 9523659822.157923, n_iters: 10, n_calls: 20, flag: 1
call	runtime	Ne	ll
0	202.482	30000.0	-9701382750.462505
1	397.82	31500.0	-9742259368.616835
2	586.768	28500.0	-9663614220.30422
3	775.075	27000.0	-9629288902.74825
4	958.194	24000.0	-9572610283.733479
5	1143.327	21000.0	-9535465481.701763
6	1337.564	15000.0	-9547231056.742645
7	1526.38	18000.0	-9523887055.354794
8	1708.349	19500.0	-9525997348.92819
9	1898.453	16500.0	-9530415470.011002
10	2081.531	18750.0	-9523949640.107052
11	2259.043	17250.0	-9525978457.868378
12	2450.944	18375.0	-9523660128.666359
13	2644.327	18187.5	-9523707713.597477
14	2834.033	18562.5	-9523741632.761257
15	2991.326	18281.25	-9523667619.674358
16	3146.394	18468.75	-9523684907.125826
17	3299.339	18328.125	-9523659822.157923
