#Ne_opt: 18046.875, f_opt: 10567670449.732347, n_iters: 10, n_calls: 20, flag: 1
call	runtime	Ne	ll
0	313.96	30000.0	-10777465419.446775
1	604.747	31500.0	-10824286275.77906
2	880.488	28500.0	-10734068899.791544
3	1127.234	27000.0	-10694468066.29119
4	1373.9	24000.0	-10628457674.67859
5	1644.446	21000.0	-10583977561.978233
6	1948.832	15000.0	-10589878648.40818
7	2236.744	18000.0	-10567678436.286278
8	2524.905	19500.0	-10571772369.173101
9	2827.228	16500.0	-10573107939.466873
10	3134.874	18750.0	-10568631124.560173
11	3437.605	17250.0	-10569100494.76404
12	3742.483	18375.0	-10567870093.61099
13	4022.311	17625.0	-10568080090.746517
14	4324.559	18187.5	-10567701612.91617
15	4616.139	17812.5	-10567803539.826973
16	4924.651	18093.75	-10567671679.08348
17	5222.321	18046.875	-10567670449.732347
