#Ne_opt: 19078.125, f_opt: 22584346305.873615, n_iters: 10, n_calls: 20, flag: 1
call	runtime	Ne	ll
0	697.234	30000.0	-22935296654.099743
1	1376.706	31500.0	-23022623743.123207
2	2055.804	28500.0	-22855246268.561665
3	2738.423	27000.0	-22783338343.471226
4	3421.983	24000.0	-22667771967.126854
5	4112.8	21000.0	-22598300636.14746
6	4804.774	15000.0	-22662504605.21781
7	5516.183	18000.0	-22589183845.937485
8	6303.886	19500.0	-22585057517.86467
9	7107.894	18750.0	-22584778409.269333
10	8003.972	19125.0	-22584354470.014458
11	8886.974	18937.5	-22584425208.501797
12	9755.174	19312.5	-22584567563.52629
13	10694.146	19031.25	-22584352302.92666
14	11600.729	19078.125	-22584346305.873615
