#Ne_opt: 18468.75, f_opt: 23719205028.80523, n_iters: 10, n_calls: 20, flag: 1
call	runtime	Ne	ll
0	722.782	30000.0	-24145607784.92643
1	1418.555	31500.0	-24245063443.86182
2	2118.583	28500.0	-24053772156.07219
3	2817.235	27000.0	-23970498688.485397
4	3523.567	24000.0	-23833660948.82087
5	4228.199	21000.0	-23745256350.70081
6	4938.636	15000.0	-23781953356.597015
7	5686.837	18000.0	-23720293886.739483
8	6494.549	19500.0	-23723650722.642532
9	7313.447	16500.0	-23738371597.1604
10	8222.548	18750.0	-23719510148.099342
11	9118.17	18375.0	-23719261323.767487
12	10045.955	18562.5	-23719229116.826363
13	11003.875	18468.75	-23719205028.80523
14	11942.399	18515.625	-23719206211.58655
