#Ne_opt: 19171.875, f_opt: 19785695960.103397, n_iters: 10, n_calls: 20, flag: 1
call	runtime	Ne	ll
0	635.927	30000.0	-20089764854.188698
1	1232.73	31500.0	-20166099269.19612
2	1778.943	28500.0	-20019871472.95925
3	2298.979	27000.0	-19957165519.36261
4	2770.012	24000.0	-19856719774.94007
5	3258.455	21000.0	-19796993926.818863
6	3759.353	15000.0	-19856953616.48271
7	4260.228	18000.0	-19790575958.103317
8	4773.574	19500.0	-19786116018.781914
9	5290.32	18750.0	-19786277706.03119
10	5841.177	20250.0	-19789778447.864586
11	6355.609	19125.0	-19785699005.354996
12	6889.473	19312.5	-19785784783.865013
13	7486.843	18937.5	-19785866033.15532
14	8090.117	19218.75	-19785709061.22101
15	8616.332	19031.25	-19785747792.454235
16	9126.526	19171.875	-19785695960.103397
