#Ne_opt: 28751.953125, f_opt: 19620733238.615005, n_iters: 10, n_calls: 20, flag: 1
call	runtime	Ne	ll
0	5231.734	30000.0	-19622671753.596165
1	10309.498	31500.0	-19629826893.491386
2	15385.415	28500.0	-19620816571.265343
3	20689.691	27000.0	-19624857019.332375
4	25610.661	29250.0	-19621045854.609604
5	30801.636	27750.0	-19622058362.034775
6	35841.255	28875.0	-19620752133.624207
7	42007.24	28687.5	-19620738461.399193
8	48686.593	28781.25	-19620734252.938972
9	55332.433	28734.375	-19620733861.947502
10	61493.91	28757.8125	-19620733549.27164
11	67962.969	28746.09375	-19620733400.78257
12	73965.575	28751.953125	-19620733238.615005
