#Ne_opt: 30175.78125, f_opt: 22537196962.060547, n_iters: 9, n_calls: 20, flag: 1
call	runtime	Ne	ll
0	5594.006	30000.0	-22537237209.71512
1	10275.294	31500.0	-22539415877.86277
2	15021.897	28500.0	-22541004861.065228
3	19691.748	30750.0	-22537621681.516754
4	24451.77	29250.0	-22538338664.589256
5	29499.158	30375.0	-22537248885.94384
6	34236.564	29625.0	-22537597708.24423
7	38898.894	30187.5	-22537197403.612347
8	43544.135	30093.75	-22537206006.503166
9	48665.503	30281.25	-22537211745.501247
10	53580.062	30140.625	-22537198508.9067
11	58375.282	30234.375	-22537201712.915985
12	63146.89	30164.0625	-22537197091.665382
13	68221.114	30175.78125	-22537196962.060547
14	73938.342	30169.921875	-22537197160.837296
15	79366.129	30181.640625	-22537197020.35263
