#Ne_opt: 27070.3125, f_opt: 10564843296.792473, n_iters: 10, n_calls: 20, flag: 1
call	runtime	Ne	ll
0	3304.87	30000.0	-10571023674.481724
1	5930.771	31500.0	-10578474334.719885
2	8639.888	28500.0	-10566374449.792805
3	11349.828	27000.0	-10564846592.373898
4	14121.9	24000.0	-10572718269.967009
5	16889.079	25500.0	-10566814182.768013
6	19614.263	27750.0	-10565198631.565752
7	22355.912	26250.0	-10565367587.81356
8	25106.504	27375.0	-10564916662.550854
9	27808.779	26625.0	-10564994855.655651
10	30530.913	27187.5	-10564854747.760525
11	33235.057	26812.5	-10564893019.474934
12	35923.263	27093.75	-10564843905.083296
13	38666.394	27046.875	-10564843547.573442
14	41410.333	27070.3125	-10564843296.792473
15	44113.132	27058.59375	-10564843316.161324
