#Ne_opt: 29507.8125, f_opt: 17119355291.167374, n_iters: 9, n_calls: 20, flag: 1
call	runtime	Ne	ll
0	3410.804	30000.0	-17119614315.049162
1	6570.632	31500.0	-17123378406.445011
2	9500.778	28500.0	-17120438616.80838
3	12589.317	29250.0	-17119422781.724606
4	15568.554	29625.0	-17119371615.733261
5	18698.468	29437.5	-17119360083.560524
6	21922.188	29531.25	-17119356587.636719
7	25126.042	29484.375	-17119355971.825157
8	28683.765	29507.8125	-17119355291.167374
9	32477.552	29496.09375	-17119355532.19786
10	36410.525	29519.53125	-17119355623.824398
11	40430.421	29501.953125	-17119355614.980326
12	44519.516	29513.671875	-17119355846.042164
