#Ne_opt: 29015.625, f_opt: 19716425636.21592, n_iters: 9, n_calls: 20, flag: 1
call	runtime	Ne	ll
0	3386.548	30000.0	-19717689626.379055
1	6873.933	31500.0	-19724031484.558136
2	9952.365	28500.0	-19716746174.868187
3	12847.162	27000.0	-19721802988.239372
4	15642.225	29250.0	-19716507449.86704
5	18416.51	28875.0	-19716444695.59207
6	21075.701	29062.5	-19716430863.30089
7	23863.935	28968.75	-19716427047.60788
8	26558.201	29015.625	-19716425636.21592
9	29253.459	28992.1875	-19716426111.734818
10	31948.409	29039.0625	-19716426604.44639
11	34821.101	29003.90625	-19716426589.99697
12	37478.761	29027.34375	-19716426510.357727
