#Ne_opt: 29613.28125, f_opt: 17062995842.822697, n_iters: 9, n_calls: 20, flag: 1
call	runtime	Ne	ll
0	2873.588	30000.0	-17063142114.11167
1	5329.208	31500.0	-17066528769.510681
2	7811.401	28500.0	-17064361261.993595
3	10274.85	29250.0	-17063145220.895422
4	12730.496	30750.0	-17064288635.756203
5	15233.018	29625.0	-17062995873.2787
6	17726.363	29812.5	-17063032445.896458
7	20227.299	29437.5	-17063032957.004902
8	22801.041	29718.75	-17063004978.50858
9	25303.912	29531.25	-17063005129.367504
10	27823.928	29671.875	-17062998142.733757
11	30361.533	29578.125	-17062998080.78785
12	32850.745	29601.5625	-17062996375.561247
13	35399.006	29648.4375	-17062996350.72209
14	37972.981	29636.71875	-17062996020.111507
15	40563.064	29613.28125	-17062995842.822697
16	43123.174	29619.140625	-17062996020.030859
