#Ne_opt: 27726.5625, f_opt: 30762733838.208023, n_iters: 9, n_calls: 20, flag: 1
call	runtime	Ne	ll
0	6539.867	30000.0	-30772984831.388336
1	12432.543	31500.0	-30790088837.094063
2	18515.023	28500.0	-30763941342.280483
3	25580.019	27000.0	-30763902185.447502
4	32459.556	24000.0	-30795323509.67708
5	39101.353	25500.0	-30773936773.069836
6	45557.611	27750.0	-30762734666.501404
7	52149.571	27375.0	-30763015526.672127
8	58582.817	28125.0	-30763048988.68064
9	65220.651	27562.5	-30762796582.713196
10	72125.489	27937.5	-30762819159.7187
11	79085.102	27656.25	-30762748601.081924
12	85825.508	27843.75	-30762759873.30117
13	92512.654	27703.125	-30762734877.316223
14	101968.342	27796.875	-30762739163.498325
15	115118.99	27726.5625	-30762733838.208023
16	127003.417	27738.28125	-30762736584.9909
