#Ne_opt: 27773.4375, f_opt: 7723352392.441521, n_iters: 9, n_calls: 20, flag: 1
call	runtime	Ne	ll
0	2612.961	30000.0	-7725843062.326651
1	4701.838	31500.0	-7730051695.475107
2	6866.686	28500.0	-7723634519.724933
3	8944.762	27000.0	-7723659272.476413
4	11116.828	27750.0	-7723352396.698911
5	13264.476	28125.0	-7723421710.452771
6	15560.737	27375.0	-7723430283.390377
7	17648.085	27937.5	-7723368878.272498
8	19941.391	27562.5	-7723372523.876255
9	22216.043	27843.75	-7723356080.1380825
10	24574.85	27656.25	-7723357886.232273
11	26688.309	27796.875	-7723353000.536079
12	29050.949	27703.125	-7723353886.083665
13	30400.522	27773.4375	-7723352392.441521
14	31584.212	27761.71875	-7723352434.638031
15	32717.601	27785.15625	-7723352752.28463
