#Ne_opt: 28148.4375, f_opt: 23698028390.388054, n_iters: 9, n_calls: 20, flag: 1
call	runtime	Ne	ll
0	5667.915	30000.0	-23703337443.16951
1	10761.977	31500.0	-23714755865.063606
2	15685.452	28500.0	-23698233029.06061
3	21295.972	27000.0	-23700178169.6778
4	27810.417	27750.0	-23698275562.569416
5	35005.343	29250.0	-23699951372.63613
6	42145.06	28125.0	-23698028778.9618
7	49248.72	28312.5	-23698076918.14692
8	57088.484	27937.5	-23698095017.636097
9	65412.156	28218.75	-23698039311.67549
10	73206.343	28031.25	-23698047097.8188
11	80778.526	28171.875	-23698030109.253128
12	88879.923	28078.125	-23698034484.78989
13	97717.241	28148.4375	-23698028390.388054
14	106226.053	28136.71875	-23698028461.480125
15	114213.124	28160.15625	-23698028628.185207
16	122105.063	28142.578125	-23698028573.81211
