#Ne_opt: 29109.375, f_opt: 27556777081.52088, n_iters: 9, n_calls: 20, flag: 1
call	runtime	Ne	ll
0	9525.655	30000.0	-27558113087.99545
1	18891.082	31500.0	-27565844726.238293
2	30457.388	28500.0	-27557372013.271633
3	40897.483	27000.0	-27564441826.529884
4	53522.057	29250.0	-27556817708.898697
5	64241.163	28875.0	-27556857840.347336
6	77137.299	29625.0	-27557240022.017513
7	90317.141	29062.5	-27556779922.1233
8	104158.107	29156.25	-27556784308.258102
9	118211.062	28968.75	-27556803801.62726
10	132106.432	29109.375	-27556777081.52088
11	146584.971	29085.9375	-27556777134.87371
12	161394.287	29132.8125	-27556781042.91608
13	176263.762	29097.65625	-27556778004.92276
14	191238.31	29121.09375	-27556779020.204468
