#Ne_opt: 28060.546875, f_opt: 6952621105.475089, n_iters: 10, n_calls: 20, flag: 1
call	runtime	Ne	ll
0	1134.888	30000.0	-6954320042.049732
1	2139.284	31500.0	-6957779670.176688
2	3002.494	28500.0	-6952711587.873077
3	3894.22	27000.0	-6953168040.887838
4	4987.766	27750.0	-6952667103.242781
5	5900.364	28125.0	-6952623077.214684
6	6682.174	27937.5	-6952628285.973457
7	7466.767	28312.5	-6952650998.929781
8	8197.613	28031.25	-6952621508.774808
9	8998.132	28078.125	-6952621254.48417
10	9828.994	28054.6875	-6952621120.683424
11	10683.325	28066.40625	-6952621122.643093
12	11561.514	28042.96875	-6952621249.48114
13	12397.603	28060.546875	-6952621105.475089
