#Ne_opt: 30187.5, f_opt: 3129283170.1670766, n_iters: 9, n_calls: 18, flag: 0
call	runtime	Ne	ll
0	513.297	30000.0	-3129289579.8595405
1	888.273	31500.0	-3129594861.63078
2	1286.643	28500.0	-3129833077.773385
3	1637.541	30750.0	-3129341631.9626226
4	1956.933	29250.0	-3129449485.6565065
5	2285.308	30375.0	-3129289808.2353525
6	2661.021	29625.0	-3129342329.091372
7	3088.03	30187.5	-3129283170.1670766
8	3522.305	30093.75	-3129284730.3803453
9	3939.078	30281.25	-3129284869.283844
10	4402.052	30140.625	-3129283540.280391
11	4865.785	30234.375	-3129283614.2670817
12	5240.285	30164.0625	-3129283253.200865
13	5636.815	30210.9375	-3129283290.6079526
14	6028.86	30175.78125	-3129283186.312117
15	6423.576	30199.21875	-3129283204.942767
16	6798.83	30181.640625	-3129283171.8884764
