#Ne_opt: 28951.171875, f_opt: 25982241199.259068, n_iters: 10, n_calls: 20, flag: 1
call	runtime	Ne	ll
0	6575.965	30000.0	-25983997898.0298
1	12621.508	31500.0	-25992291549.704193
2	19848.45	28500.0	-25982584449.00001
3	27473.055	27000.0	-25988830575.09767
4	34236.52	29250.0	-25982384251.587376
5	42322.492	28875.0	-25982251626.087166
6	50593.304	29062.5	-25982260589.442867
7	60201.899	28687.5	-25982358840.438934
8	69849.709	28968.75	-25982241612.18183
9	79753.649	28921.875	-25982243034.581867
10	89394.549	29015.625	-25982247538.914394
11	99005.339	28945.3125	-25982241490.279465
12	108838.603	28957.03125	-25982241293.21684
13	118866.181	28951.171875	-25982241199.259068
