#Ne_opt: 26648.4375, f_opt: 9502041204.90203, n_iters: 9, n_calls: 20, flag: 1
call	runtime	Ne	ll
0	1552.415	30000.0	-9509576150.994108
1	2752.246	31500.0	-9517323136.02515
2	3932.573	28500.0	-9504412448.367096
3	5141.544	27000.0	-9502125323.048962
4	6310.766	24000.0	-9507624476.749416
5	7497.191	25500.0	-9503059838.263203
6	8710.957	26250.0	-9502166071.188347
7	9909.266	27750.0	-9502889326.244213
8	11063.071	26625.0	-9502042149.330725
9	12192.75	26812.5	-9502058054.872032
10	13346.775	26437.5	-9502077681.014439
11	14496.505	26718.75	-9502043590.760265
12	15614.879	26531.25	-9502053150.43266
13	16767.795	26671.875	-9502041217.685621
14	17921.701	26648.4375	-9502041204.90203
15	19119.591	26660.15625	-9502041277.833061
