#Ne_opt: 27304.6875, f_opt: 26661871645.23194, n_iters: 10, n_calls: 20, flag: 1
call	runtime	Ne	ll
0	4491.105	30000.0	-26675348924.533195
1	8518.753	31500.0	-26693492018.63933
2	12485.44	28500.0	-26664588535.67649
3	16450.197	27000.0	-26662072498.572647
4	20801.6	24000.0	-26685867195.21779
5	24905.352	25500.0	-26668775103.52338
6	29126.942	27750.0	-26662243243.822105
7	33428.833	26250.0	-26664203369.108185
8	37680.602	27375.0	-26661878217.65371
9	41532.962	27187.5	-26661904503.989742
10	45219.866	27562.5	-26661992936.92398
11	48983.568	27281.25	-26661873980.164112
12	52859.921	27328.125	-26661871953.109375
13	56733.682	27304.6875	-26661871645.23194
14	60562.615	27316.40625	-26661871682.536495
