#Ne_opt: 29408.203125, f_opt: 14231389628.538591, n_iters: 9, n_calls: 20, flag: 1
call	runtime	Ne	ll
0	2999.062	30000.0	-14231707194.046623
1	5783.995	31500.0	-14235120848.401394
2	8726.585	28500.0	-14232120754.968716
3	11708.397	29250.0	-14231409170.660551
4	15123.887	29625.0	-14231435437.427618
5	18449.767	28875.0	-14231635703.34296
6	21914.404	29437.5	-14231391552.312874
7	25232.923	29343.75	-14231392589.488747
8	28546.898	29531.25	-14231406149.240835
9	31269.493	29390.625	-14231390819.789127
10	33666.248	29414.0625	-14231390662.30741
11	35940.317	29402.34375	-14231389888.89155
12	38183.905	29408.203125	-14231389628.538591
13	40975.344	29405.2734375	-14231390179.372437
