#Ne_opt: 28306.640625, f_opt: 15933881036.595272, n_iters: 10, n_calls: 20, flag: 1
call	runtime	Ne	ll
0	5767.146	30000.0	-15936750483.310078
1	10865.694	31500.0	-15943719130.719627
2	15970.919	28500.0	-15933920880.817493
3	21226.519	27000.0	-15935705162.248219
4	26317.309	27750.0	-15934203924.335987
5	31467.151	29250.0	-15934790153.539667
6	36619.397	28125.0	-15933914362.163452
7	41821.051	28312.5	-15933881134.24052
8	46934.933	28218.75	-15933888579.324642
9	52037.546	28406.25	-15933891968.486519
10	57066.875	28265.625	-15933882560.28851
11	62142.197	28359.375	-15933884287.102207
12	66702.521	28289.0625	-15933881263.33165
13	69674.594	28335.9375	-15933882105.007988
14	72549.83	28300.78125	-15933881102.218822
15	75428.801	28306.640625	-15933881036.595272
