#Ne_opt: 30284.1796875, f_opt: 9460469443.105003, n_iters: 10, n_calls: 20, flag: 1
call	runtime	Ne	ll
0	2950.647	30000.0	-9460513126.036095
1	5277.729	31500.0	-9461248756.849186
2	7738.217	28500.0	-9462264943.813082
3	10157.562	30750.0	-9460586154.84722
4	12650.282	29250.0	-9461061408.30409
5	15119.174	30375.0	-9460473979.455664
6	17686.067	30187.5	-9460474385.307066
7	20144.943	30562.5	-9460511379.435894
8	22619.525	30281.25	-9460469443.759048
9	25136.891	30328.125	-9460470553.53511
10	27554.644	30234.375	-9460470726.171297
11	29992.163	30304.6875	-9460469702.544182
12	32445.428	30257.8125	-9460469792.985489
13	34888.094	30292.96875	-9460469506.79263
14	37308.974	30269.53125	-9460469552.052486
15	39700.917	30287.109375	-9460469462.467047
16	42024.171	30275.390625	-9460469495.275816
17	44355.7	30284.1796875	-9460469443.105003
