#Ne_opt: 30222.65625, f_opt: 9550523089.847672, n_iters: 9, n_calls: 20, flag: 1
call	runtime	Ne	ll
0	2486.729	30000.0	-9550554823.190228
1	4527.673	31500.0	-9551463201.740108
2	6529.927	28500.0	-9552391535.307716
3	8495.458	30750.0	-9550683701.73019
4	10438.061	29250.0	-9551112312.005974
5	12445.985	30375.0	-9550536100.488678
6	14384.217	30187.5	-9550524649.350912
7	16328.589	30281.25	-9550525057.196903
8	18307.756	30093.75	-9550534609.43625
9	20365.428	30234.375	-9550523401.256018
10	22419.066	30210.9375	-9550523599.973652
11	24378.643	30257.8125	-9550523896.086374
12	26360.468	30222.65625	-9550523089.847672
13	28373.563	30228.515625	-9550523114.713078
14	30331.448	30216.796875	-9550523569.508593
15	32361.638	30225.5859375	-9550523412.120876
