#Ne_opt: 27656.25, f_opt: 3877382306.8467374, n_iters: 10, n_calls: 20, flag: 1
call	runtime	Ne	ll
0	335.678	30000.0	-3878935470.5517244
1	555.19	31500.0	-3881427745.106453
2	795.869	28500.0	-3877589127.472869
3	1051.908	27000.0	-3877516036.1047354
4	1290.131	24000.0	-3881814599.8457713
5	1573.899	25500.0	-3878865366.35042
6	1821.181	27750.0	-3877384640.7861023
7	2097.81	27375.0	-3877407164.0996757
8	2330.999	28125.0	-3877446057.85744
9	2571.005	27562.5	-3877385254.566299
10	2850.94	27937.5	-3877404998.97524
11	3088.619	27656.25	-3877382306.8467374
12	3315.88	27703.125	-3877382815.764579
13	3550.176	27609.375	-3877383118.6315103
14	3799.654	27679.6875	-3877382396.1988573
15	4066.55	27632.8125	-3877382547.2809687
16	4352.341	27667.96875	-3877382310.2644267
