#Ne_opt: 25746.09375, f_opt: 12703360656.595966, n_iters: 10, n_calls: 20, flag: 1
call	runtime	Ne	ll
0	3056.597	30000.0	-12720636415.850449
1	5605.895	31500.0	-12733901642.661415
2	8183.121	28500.0	-12710859726.781
3	10764.008	27000.0	-12704969352.095469
4	13418.744	24000.0	-12706788576.019371
5	16101.477	25500.0	-12703427888.175121
6	18731.402	26250.0	-12703622807.946743
7	21362.629	24750.0	-12704456581.08255
8	24021.167	25875.0	-12703377076.764458
9	26748.217	25687.5	-12703364868.946896
10	29372.128	25781.25	-12703361640.613808
11	32015.92	25734.375	-12703360905.801
12	34698.929	25757.8125	-12703360689.790894
13	37306.612	25746.09375	-12703360656.595966
