#Ne_opt: 26437.5, f_opt: 16562452857.245876, n_iters: 9, n_calls: 20, flag: 1
call	runtime	Ne	ll
0	523.872	30000.0	-16580845794.541399
1	968.922	31500.0	-16598172699.081192
2	1360.595	28500.0	-16568927597.65334
3	1763.577	27000.0	-16563004579.190994
4	2175.758	24000.0	-16571997459.655952
5	2587.849	25500.0	-16563748997.260008
6	3000.318	26250.0	-16562489128.5097
7	3399.354	26625.0	-16562533616.983105
8	3830.001	25875.0	-16562906920.98798
9	4271.429	26437.5	-16562452857.245876
10	4736.564	26343.75	-16562463978.464703
11	5172.755	26531.25	-16562475074.381374
12	5626.41	26390.625	-16562462790.646523
13	6092.279	26484.375	-16562461452.882645
14	6557.741	26460.9375	-16562477121.198492
15	7042.645	26414.0625	-16562456140.739323
