#Ne_opt: 24914.0625, f_opt: 12416738962.835617, n_iters: 10, n_calls: 20, flag: 1
call	runtime	Ne	ll
0	239.934	30000.0	-12446173197.398756
1	432.322	31500.0	-12464494651.93549
2	625.113	28500.0	-12431875531.356998
3	820.172	27000.0	-12422036258.955227
4	1016.919	24000.0	-12417865075.577007
5	1217.25	21000.0	-12439001782.839748
6	1413.037	25500.0	-12417165342.489937
7	1609.727	24750.0	-12416777266.35395
8	1805.127	25125.0	-12416792260.2696
9	2000.629	24375.0	-12417130952.087843
10	2196.995	24937.5	-12416739311.552902
11	2393.029	24843.75	-12416746685.708797
12	2588.888	25031.25	-12416754705.435738
13	2784.913	24890.625	-12416740146.848434
14	2980.152	24984.375	-12416743777.203066
15	3175.043	24914.0625	-12416738962.835617
