#Ne_opt: 23062.5, f_opt: 9572140556.8261, n_iters: 10, n_calls: 20, flag: 1
call	runtime	Ne	ll
0	204.649	30000.0	-9618332730.793316
1	387.365	31500.0	-9638198920.486826
2	570.655	28500.0	-9601515706.75695
3	755.091	27000.0	-9588104972.214798
4	940.922	24000.0	-9573104818.901062
5	1130.036	21000.0	-9577416912.786886
6	1316.77	22500.0	-9572527602.656582
7	1503.342	23250.0	-9572177361.87452
8	1689.408	22875.0	-9572186047.11548
9	1875.861	23625.0	-9572486436.05627
10	2063.583	23062.5	-9572140556.8261
11	2268.678	23156.25	-9572150603.388292
12	2473.453	22968.75	-9572151323.664188
13	2692.045	23109.375	-9572141684.648876
14	2907.579	23015.625	-9572145308.593878
15	3117.169	23085.9375	-9572141172.328949
