#Ne_opt: 24445.3125, f_opt: 17912867020.92163, n_iters: 10, n_calls: 20, flag: 1
call	runtime	Ne	ll
0	530.927	30000.0	-17965135847.329117
1	993.346	31500.0	-17994265263.597763
2	1455.131	28500.0	-17941778240.433197
3	1941.774	27000.0	-17924832237.951897
4	2432.696	24000.0	-17913225623.739403
5	2922.195	21000.0	-17938001276.761208
6	3406.585	25500.0	-17915026425.111794
7	3895.952	22500.0	-17920467355.96937
8	4434.514	24750.0	-17913066781.382504
9	4992.523	24375.0	-17912872985.4954
10	5551.714	24562.5	-17912901265.91422
11	6131.167	24187.5	-17912981442.829445
12	6723.856	24468.75	-17912871394.392155
13	7303.841	24421.875	-17912868024.937054
14	7860.698	24445.3125	-17912867020.92163
