#Ne_opt: 24796.875, f_opt: 8788356768.03544, n_iters: 10, n_calls: 20, flag: 1
call	runtime	Ne	ll
0	182.906	30000.0	-8810622749.764614
1	319.42	31500.0	-8824053824.104675
2	468.884	28500.0	-8800058745.90971
3	633.008	27000.0	-8792671156.214878
4	785.031	24000.0	-8788944402.52511
5	929.313	21000.0	-8803249089.737507
6	1055.493	25500.0	-8788823127.841002
7	1192.512	24750.0	-8788357858.249731
8	1325.317	25125.0	-8788462946.386623
9	1444.189	24375.0	-8788515596.379713
10	1566.517	24937.5	-8788378039.508078
11	1696.912	24562.5	-8788403328.902683
12	1815.275	24843.75	-8788359757.760147
13	1935.255	24656.25	-8788372309.943396
14	2082.803	24796.875	-8788356768.03544
15	2209.582	24773.4375	-8788356810.09636
