#Ne_opt: 27152.34375, f_opt: 22226323278.392303, n_iters: 10, n_calls: 20, flag: 1
call	runtime	Ne	ll
0	853.9	30000.0	-22241844037.88176
1	1580.024	31500.0	-22260934085.566242
2	2381.803	28500.0	-22230057443.04909
3	3143.053	27000.0	-22226356733.137554
4	3811.805	24000.0	-22247082018.020035
5	4506.862	25500.0	-22231664260.586025
6	5259.786	27750.0	-22227139183.129887
7	6020.954	26250.0	-22227817896.687687
8	6821.293	27375.0	-22226470296.63575
9	7565.476	26625.0	-22226797219.045135
10	8331.613	27187.5	-22226342993.78093
11	9124.716	27093.75	-22226341229.158493
12	9894.577	27140.625	-22226334646.03677
13	10619.752	27117.1875	-22226339259.969666
14	11370.843	27164.0625	-22226338103.705788
15	12130.348	27152.34375	-22226323278.392303
