#Ne_opt: 25101.5625, f_opt: 4771003215.493104, n_iters: 10, n_calls: 20, flag: 1
call	runtime	Ne	ll
0	84.856	30000.0	-4781567649.765522
1	169.172	31500.0	-4788431790.192857
2	256.099	28500.0	-4776270409.013132
3	343.12	27000.0	-4772708811.872414
4	433.577	24000.0	-4771623838.569952
5	520.996	21000.0	-4780394738.298692
6	602.617	25500.0	-4771081414.907231
7	692.22	24750.0	-4771065067.179332
8	782.186	25125.0	-4771003497.028969
9	866.958	24937.5	-4771016584.448874
10	951.788	25312.5	-4771025278.907149
11	1039.956	25031.25	-4771005648.201696
12	1131.461	25218.75	-4771010060.116747
13	1225.517	25078.125	-4771003479.450798
14	1319.756	25101.5625	-4771003215.493104
