#Ne_opt: 23976.5625, f_opt: 29784396527.859688, n_iters: 10, n_calls: 20, flag: 1
call	runtime	Ne	ll
0	1849.286	30000.0	-29888740863.339478
1	3781.364	31500.0	-29941478604.295784
2	5842.534	28500.0	-29845428225.47345
3	8005.661	27000.0	-29812794294.200977
4	10441.259	24000.0	-29784400307.589622
5	12705.479	21000.0	-29816259290.141
6	14948.741	25500.0	-29791978551.534737
7	17320.392	22500.0	-29791820738.226753
8	20788.314	23250.0	-29786104014.545013
9	24752.131	24750.0	-29786426014.913277
10	28695.438	23625.0	-29784771689.177246
11	32737.179	24375.0	-29784970603.517147
12	36479.746	23812.5	-29784475724.104813
13	39931.19	24187.5	-29784575199.616127
14	43252.88	23906.25	-29784405863.771942
15	46685.451	24093.75	-29784451744.572815
16	51536.087	23953.125	-29784396814.17204
17	55785.91	23976.5625	-29784396527.859688
