#Ne_opt: 26027.34375, f_opt: 14583242590.45737, n_iters: 10, n_calls: 20, flag: 1
call	runtime	Ne	ll
0	291.507	30000.0	-14603427705.723038
1	534.634	31500.0	-14620273201.145195
2	782.226	28500.0	-14591347843.773054
3	1064.025	27000.0	-14584548876.344162
4	1390.463	24000.0	-14589314086.20578
5	1713.353	25500.0	-14583633476.491625
6	2054.626	26250.0	-14583314035.819363
7	2374.304	25875.0	-14583273928.227846
8	2704.964	26062.5	-14583244746.728268
9	3025.962	25968.75	-14583246885.158804
10	3315.065	26156.25	-14583267058.66822
11	3618.117	26015.625	-14583242644.985416
12	3943.184	26039.0625	-14583243050.419277
13	4285.211	25992.1875	-14583243885.324852
14	4628.856	26027.34375	-14583242590.45737
