#Ne_opt: 25617.1875, f_opt: 28308488153.27393, n_iters: 9, n_calls: 20, flag: 1
call	runtime	Ne	ll
0	1146.993	30000.0	-28356731046.795925
1	2237.543	31500.0	-28392491613.741333
2	3310.886	28500.0	-28330111221.553627
3	4379.178	27000.0	-28313660582.444443
4	5563.488	24000.0	-28316086622.407974
5	6775.975	25500.0	-28308525396.64184
6	8089.926	26250.0	-28309597159.604153
7	9481.589	24750.0	-28310636812.584274
8	10884.565	25875.0	-28308681293.78666
9	12522.069	25125.0	-28309170866.401726
10	14124.823	25687.5	-28308511860.96607
11	15738.015	25593.75	-28308498371.276703
12	17494.599	25640.625	-28308493625.17032
13	19203.517	25617.1875	-28308488153.27393
14	21047.694	25628.90625	-28308495829.064217
