#Ne_opt: 25546.875, f_opt: 11080154244.00334, n_iters: 10, n_calls: 20, flag: 1
call	runtime	Ne	ll
0	279.76	30000.0	-11099713873.979336
1	502.75	31500.0	-11113972757.049374
2	727.498	28500.0	-11089054615.488594
3	953.972	27000.0	-11082383516.844257
4	1179.705	24000.0	-11082912893.446716
5	1403.384	25500.0	-11080156986.284733
6	1629.09	26250.0	-11080683169.235645
7	1857.042	24750.0	-11080875013.251442
8	2081.841	25875.0	-11080269161.521944
9	2305.38	25125.0	-11080355844.264702
10	2530.669	25687.5	-11080174979.593542
11	2755.369	25312.5	-11080217027.968086
12	2990.55	25593.75	-11080156407.134777
13	3243.79	25546.875	-11080154244.00334
14	3495.917	25570.3125	-11080154486.585016
15	3754.154	25523.4375	-11080154953.856846
16	4046.582	25558.59375	-11080154342.625572
