#Ne_opt: 25910.15625, f_opt: 19069855974.30465, n_iters: 10, n_calls: 20, flag: 1
call	runtime	Ne	ll
0	539.625	30000.0	-19097656075.34949
1	1009.743	31500.0	-19120113002.339546
2	1485.517	28500.0	-19081375333.05652
3	1964.115	27000.0	-19071956841.366756
4	2443.863	24000.0	-19076965388.841606
5	2920.597	25500.0	-19070178726.704754
6	3394.756	26250.0	-19070058826.745476
7	3896.168	25875.0	-19069859351.530724
8	4414.167	26062.5	-19069895255.471245
9	4941.647	25687.5	-19069953921.084335
10	5484.46	25968.75	-19069861090.903046
11	6072.381	25781.25	-19069889721.591713
12	6650.434	25921.875	-19069856149.040283
13	7208.204	25898.4375	-19069856614.8186
14	7737.977	25945.3125	-19069857809.08362
15	8309.025	25910.15625	-19069855974.30465
