#Ne_opt: 25617.1875, f_opt: 25673198229.702736, n_iters: 9, n_calls: 20, flag: 1
call	runtime	Ne	ll
0	987.919	30000.0	-25716800215.17118
1	1894.88	31500.0	-25749263880.74303
2	2791.831	28500.0	-25692668920.373955
3	3758.18	27000.0	-25677799943.848713
4	4714.481	24000.0	-25680244960.189194
5	5754.759	25500.0	-25673241793.548584
6	6791.069	26250.0	-25674158140.864304
7	7870.964	24750.0	-25675221666.905235
8	8897.246	25875.0	-25673352596.4357
9	10006.869	25125.0	-25673858619.82467
10	11044.656	25687.5	-25673212952.06095
11	12181.913	25593.75	-25673208168.972168
12	13292.317	25640.625	-25673201146.67934
13	14461.586	25617.1875	-25673198229.702736
14	15643.962	25628.90625	-25673202189.5515
