#Ne_opt: 28136.71875, f_opt: 11602575166.100285, n_iters: 10, n_calls: 20, flag: 1
call	runtime	Ne	ll
0	260.514	30000.0	-11605833935.695923
1	481.182	31500.0	-11612782252.452675
2	701.917	28500.0	-11602712039.831945
3	923.61	27000.0	-11603828067.973461
4	1148.211	27750.0	-11602711740.698235
5	1380.371	28125.0	-11602575751.50099
6	1614.299	27937.5	-11602609171.257875
7	1835.929	28312.5	-11602608168.250252
8	2066.049	28218.75	-11602583112.813122
9	2273.658	28031.25	-11602584442.139961
10	2503.695	28171.875	-11602577400.573816
11	2746.158	28078.125	-11602577576.529991
12	2970.429	28148.4375	-11602576630.689175
13	3194.713	28101.5625	-11602576235.821148
14	3432.317	28113.28125	-11602576213.262226
15	3709.145	28136.71875	-11602575166.100285
