#Ne_opt: 25921.875, f_opt: 11426093919.188168, n_iters: 9, n_calls: 20, flag: 1
call	runtime	Ne	ll
0	148.7	30000.0	-11442731653.290197
1	261.752	31500.0	-11456255857.756931
2	374.566	28500.0	-11432950213.551254
3	489.051	27000.0	-11427318125.06863
4	603.852	24000.0	-11430477725.297523
5	717.254	25500.0	-11426306708.76862
6	833.24	26250.0	-11426202144.745665
7	962.092	25875.0	-11426097809.44493
8	1091.4	26062.5	-11426110784.792229
9	1221.561	25687.5	-11426163998.58267
10	1357.765	25968.75	-11426094331.399534
11	1490.662	25921.875	-11426093919.188168
12	1620.598	25945.3125	-11426094700.198856
13	1749.91	25898.4375	-11426095325.496468
