#Ne_opt: 25148.4375, f_opt: 7010535827.503333, n_iters: 10, n_calls: 20, flag: 1
call	runtime	Ne	ll
0	298.955	30000.0	-7025367331.409818
1	555.373	31500.0	-7035129937.593645
2	828.347	28500.0	-7017857251.175317
3	1085.167	27000.0	-7012846416.646128
4	1342.52	24000.0	-7011514968.307261
5	1602.797	21000.0	-7024378850.230899
6	1870.953	25500.0	-7010619822.7397375
7	2122.469	24750.0	-7010653729.736241
8	2403.707	26250.0	-7011365344.87742
9	2660.995	25125.0	-7010536438.096306
10	2925.145	25312.5	-7010553399.454845
11	3160.165	24937.5	-7010569646.1844845
12	3403.487	25218.75	-7010538694.565222
13	3673.637	25031.25	-7010546735.074118
14	3901.577	25171.875	-7010535999.667683
15	4138.21	25148.4375	-7010535827.503333
