#Ne_opt: 26027.34375, f_opt: 19352412814.719025, n_iters: 10, n_calls: 20, flag: 1
call	runtime	Ne	ll
0	514.756	30000.0	-19379192792.76569
1	978.932	31500.0	-19401569197.727966
2	1444.701	28500.0	-19363148999.71769
3	1906.983	27000.0	-19354132655.631348
4	2365.395	24000.0	-19360527390.16848
5	2824.052	25500.0	-19352943172.235893
6	3287.907	26250.0	-19352504275.131577
7	3750.543	25875.0	-19352458079.44409
8	4229.889	26062.5	-19352415584.51213
9	4708.66	25968.75	-19352420146.205822
10	5192.707	26156.25	-19352443121.06562
11	5715.319	26015.625	-19352413270.734333
12	6272.114	26039.0625	-19352414345.860615
13	6816.274	25992.1875	-19352415222.818268
14	7363.235	26027.34375	-19352412814.719025
