#Ne_opt: 26250.0, f_opt: 24926906807.835, n_iters: 9, n_calls: 20, flag: 1
call	runtime	Ne	ll
0	853.884	30000.0	-24956885298.807632
1	1624.602	31500.0	-24983866383.523827
2	2392.968	28500.0	-24938015662.916176
3	3204.341	27000.0	-24928150169.020462
4	4022.649	24000.0	-24939711934.26354
5	4916.936	25500.0	-24928311149.78502
6	5925.392	26250.0	-24926906807.835
7	6956.69	26625.0	-24927205732.355988
8	8079.728	25875.0	-24927270285.011963
9	9075.558	26437.5	-24926973814.12111
10	10105.046	26062.5	-24927003959.26499
11	11074.938	26343.75	-24926922641.03896
12	12192.598	26156.25	-24926933317.080612
13	13305.004	26296.875	-24926909008.7174
14	14345.638	26203.125	-24926916402.723167
15	15444.717	26273.4375	-24926910672.41116
16	16495.141	26226.5625	-24926907817.75194
