#Ne_opt: 24445.3125, f_opt: 33158796508.003235, n_iters: 10, n_calls: 20, flag: 1
call	runtime	Ne	ll
0	1667.985	30000.0	-33254472732.884384
1	3386.874	31500.0	-33308104102.852028
2	5210.97	28500.0	-33211471784.558983
3	7133.276	27000.0	-33180396765.818604
4	9226.805	24000.0	-33159560996.04925
5	11234.38	21000.0	-33206216945.096363
6	13439.956	25500.0	-33162557542.83761
7	15538.282	22500.0	-33173362769.178307
8	17573.379	24750.0	-33159103090.367065
9	20858.393	24375.0	-33158835665.620255
10	24349.813	24562.5	-33158839610.494736
11	27898.426	24187.5	-33159085567.784744
12	31513.972	24468.75	-33158800195.192463
13	35279.586	24421.875	-33158811435.764267
14	38376.428	24515.625	-33158816662.790806
15	41454.721	24445.3125	-33158796508.003235
