#Ne_opt: 26015.625, f_opt: 21990257279.15143, n_iters: 9, n_calls: 20, flag: 1
call	runtime	Ne	ll
0	1073.177	30000.0	-22020493062.70076
1	2143.61	31500.0	-22045804031.97934
2	3281.681	28500.0	-22002353993.557556
3	4423.711	27000.0	-21992178951.914127
4	5596.4	24000.0	-21999506722.73169
5	6788.152	25500.0	-21990872443.342575
6	7988.623	26250.0	-21990354740.94033
7	9231.413	25875.0	-21990314398.872116
8	10574.379	26062.5	-21990259811.272552
9	11891.316	25968.75	-21990267303.392803
10	13167.413	26156.25	-21990288192.938972
11	14473.656	26015.625	-21990257279.15143
12	15778.047	26039.0625	-21990262085.551834
13	17070.427	25992.1875	-21990260403.561375
