#Ne_opt: 28810.546875, f_opt: 5502668379.568554, n_iters: 10, n_calls: 20, flag: 1
call	runtime	Ne	ll
0	82.39	30000.0	-5503274734.485816
1	140.091	31500.0	-5505669029.809753
2	198.652	28500.0	-5502711224.872806
3	253.108	27000.0	-5504176249.550503
4	311.485	29250.0	-5502752491.192959
5	370.274	27750.0	-5503176506.165615
6	421.83	28875.0	-5502670192.633968
7	478.74	28687.5	-5502675093.52764
8	540.003	29062.5	-5502696123.1543045
9	598.297	28781.25	-5502668764.316211
10	652.569	28828.125	-5502668511.701525
11	704.51	28804.6875	-5502668395.990121
12	754.162	28816.40625	-5502668393.382584
13	806.565	28810.546875	-5502668379.568554
